3
4 7
2 2 2 1
3 8
1 2 3
3 5
3 3 33
4 7
2 2 2 1
3 8
1 2 3
3 5
3 3 33
4 7
2 2 2 1
3 8
1 2 3
3 5
3 3 33
4 7
2 2 2 1
3 8
1 2 3
3 5
3 3 33
4 7
2 2 2 1
3 8
1 2 3
3 5
3 3 33
4 7
2 2 2 1
3 8
1 2 3
3 5
3 3 33
4 7
2 2 2 1
3 8
1 2 3
3 5
3 3 33
4 7
2 2 2 1
3 8
1 2 3
3 5
3 3 33
4 7
2 2 2 1
3 8
1 2 3
3 5
3 3 33
4 7
2 2 2 1
3 8
1 2 3
3 5
3 3 33
4 7
2 2 2 1
3 8
1 2 3
3 5
3 3 33
4 7
2 2 2 1
3 8
1 2 3
3 5
3 3 33
4 7
2 2 2 1
3 8
1 2 3
3 5
3 3 33
4 7
2 2 2 1
3 8
1 2 3
3 5
3 3 33
4 7
2 2 2 1
3 8
1 2 3
3 5
3 3 33
4 7
2 2 2 1
3 8
1 2 3
3 5
3 3 33
4 7
2 2 2 1
3 8
1 2 3
3 5
3 3 33
4 7
2 2 2 1
3 8
1 2 3
3 5
3 3 33
4 7
2 2 2 1
3 8
1 2 3
3 5
3 3 33
4 7
2 2 2 1
3 8
1 2 3
3 5
3 3 33
4 7
2 2 2 1
3 8
1 2 3
3 5
3 3 33
4 7
2 2 2 1
3 8
1 2 3
3 5
3 3 33
4 7
2 2 2 1
3 8
1 2 3
3 5
3 3 33
4 7
2 2 2 1
3 8
1 2 3
3 5
3 3 33
4 7
2 2 2 1
3 8
1 2 3
3 5
3 3 33
4 7
2 2 2 1
3 8
1 2 3
3 5
3 3 33
4 7
2 2 2 1
3 8
1 2 3
3 5
3 3 33
4 7
2 2 2 1
3 8
1 2 3
3 5
3 3 33
4 7
2 2 2 1
3 8
1 2 3
3 5
3 3 33
4 7
2 2 2 1
3 8
1 2 3
3 5
3 3 33
4 7
2 2 2 1
3 8
1 2 3
3 5
3 3 33
4 7
2 2 2 1
3 8
1 2 3
3 5
3 3 33
4 7
2 2 2 1
3 8
1 2 3
3 5
3 3 3
