0 5 1 1
1 2 1 1
2 2 1 1
3 1 0 1
4 1 1 0
5 0 2 1
6 0 1 2
7 1 0 0
8 0 0 1
9 0 2 0
10 0 0 1
11 0 1 1
12 0 1 0
13 0 0 2
14 0 1 0
15 0 1 0
16 0 0 1
17 0 0 0
18 0 0 0
19 0 1 0
20 0 1 0
21 0 0 0
22 0 0 0
23 0 0 1
24 0 1 0
25 0 0 0
26 0 0 0
27 0 0 1
28 0 0 1
29 0 0 0
30 0 0 0
31 0 0 0

0 0 0 11 0
0 0 0 5 1
0 0 0 2 3
0 0 0 1 7
0 0 0 0 15
0
1 2 0 11 0
1 2 0 5 1
1 2 0 2 3
1 1 0 1 7
1 1 1 1 16
2 2 2 2 8
0
0 1 0 11 0
0 1 0 5 1
0 1 0 2 3
0 1 0 1 7
2
0 11 0 11 0
10
7 11 0 11 0
7 11 6 11 2
7 8 6 8 5
7 7 6 7 11
7 7 7 7 24
8 8 8 8 12
9 11 9 11 6
0
4 10 0 11 0
4 5 0 5 1
4 5 3 5 4
4 4 3 4 9
4 4 4 4 20
5 5 5 5 10
6 10 6 11 2
6 8 6 8 5
9 10 9 11 6
9 10 9 10 13
0
1 9 0 11 0
1 5 0 5 1
1 2 0 2 3
1 1 0 1 7
1 1 1 1 16
2 2 2 2 8
3 5 3 5 4
6 9 6 11 2
6 8 6 8 5
9 9 9 11 6
9 9 9 10 13
9 9 9 9 27
2
