1000
54 84 33
4 90 64
59 43 87
65 89 98
52 36 12
89 42 1
92 7 98
91 65 22
99 10 38
25 24 95
99 99 99
100 91 18
13 35 36
1 97 39
6 26 84
100 18 7
51 39 32
55 80 45
60 52 78
80 25 64
41 97 68
93 6 84
12 85 59
29 81 85
0 33 60
44 71 96
5 77 17
92 33 47
96 67 6
59 60 85
25 55 35
7 34 65
100 66 13
34 38 11
13 9 38
86 41 9
51 76 26
28 9 52
36 86 34
45 39 5
47 66 45
52 79 8
52 60 75
12 55 55
10 55 4
27 65 77
41 32 82
47 8 15
90 69 60
6 45 79
10 86 69
43 19 26
84 63 23
1 23 57
76 85 40
11 60 98
71 28 4
83 21 71
28 44 77
81 53 85
97 48 53
28 75 45
90 47 68
16 48 34
2 86 38
19 87 86
31 32 20
72 15 93
61 88 67
36 17 39
56 82 23
61 87 41
56 57 34
0 65 91
76 58 19
43 41 16
98 4 46
96 33 27
72 36 27
10 67 92
74 3 72
100 27 67
55 4 97
35 57 4
86 25 64
34 54 33
74 86 76
5 20 37
59 8 29
46 65 73
67 88 33
20 73 83
93 8 68
76 87 22
1 22 6
30 86 56
34 10 100
29 21 13
22 61 99
62 87 92
100 28 10
11 73 54
2 67 55
98 96 13
1 87 21
14 10 10
19 78 93
52 90 42
10 28 72
93 94 28
98 6 75
5 85 97
17 46 54
50 36 93
26 7 46
30 64 33
83 25 47
7 84 93
41 97 37
89 8 11
97 81 53
86 54 55
55 77 36
83 77 15
5 5 86
90 22 23
65 81 74
32 71 93
69 77 100
46 25 23
49 18 95
28 96 15
40 58 61
27 63 72
6 57 10
8 64 34
83 81 21
20 28 98
55 93 15
65 34 26
16 81 80
10 33 33
17 37 79
65 39 45
42 7 15
37 24 17
13 15 91
63 75 34
10 36 76
81 8 37
25 65 34
28 100 1
0 71 40
79 46 84
87 5 14
13 17 1
68 88 23
26 63 84
15 48 19
77 18 99
34 72 75
76 47 70
24 98 37
93 28 75
4 42 74
34 85 73
51 46 69
17 75 28
58 20 22
52 71 98
60 57 42
16 43 68
92 40 17
5 95 26
25 43 2
88 76 98
19 25 7
20 98 70
23 21 97
95 52 21
98 13 29
6 74 32
71 59 9
19 77 96
57 53 73
2 32 95
81 30 41
100 17 30
6 74 68
75 40 70
55 82 52
46 83 61
15 29 66
37 2 41
27 23 13
90 78 19
75 37 68
73 67 79
36 69 53
16 86 46
85 55 91
40 29 19
4 79 33
21 61 42
26 4 85
75 69 6
94 20 21
70 59 36
22 54 16
53 48 15
20 41 6
63 38 11
97 87 65
2 42 20
32 94 82
35 71 80
1 74 53
81 69 83
99 92 60
70 35 40
37 87 8
52 22 97
53 86 23
83 39 80
34 15 71
52 72 19
42 93 63
71 28 11
45 70 62
21 60 67
15 81 62
84 95 42
25 25 97
43 82 18
3 40 45
62 46 8
28 11 21
79 67 41
11 30 40
88 40 84
93 62 100
70 15 34
15 12 1
28 58 46
67 60 99
45 83 96
1 81 66
75 97 59
70 72 24
71 76 48
77 46 98
36 67 58
87 21 91
46 60 37
25 12 74
54 47 14
58 20 9
80 33 25
69 74 98
21 53 4
77 31 9
45 61 96
97 88 98
100 64 45
98 57 37
96 46 9
66 25 14
74 76 22
100 1 1
19 95 1
4 64 27
44 4 23
96 46 59
16 20 69
22 97 31
77 89 75
39 81 80
97 40 88
29 90 66
70 57 74
60 5 38
34 44 71
48 62 3
31 57 62
23 7 39
91 9 77
54 28 31
42 93 80
4 78 15
57 48 78
40 5 31
4 84 60
59 78 24
100 61 33
11 97 8
61 12 61
80 32 67
35 35 60
3 66 73
33 35 34
6 90 7
22 89 58
70 25 2
83 98 82
27 5 38
15 28 37
73 35 23
70 70 72
41 58 27
33 55 85
67 45 63
82 45 77
18 66 28
11 69 57
52 23 15
16 66 92
73 60 73
33 36 11
37 73 10
69 82 83
13 47 81
43 24 79
70 35 42
61 9 64
36 87 6
10 55 27
30 57 67
22 14 70
58 18 38
100 91 95
90 98 72
47 88 38
72 40 83
2 35 88
55 2 71
10 72 100
48 46 58
66 17 16
28 43 83
53 6 61
80 5 56
38 13 28
29 75 87
81 64 71
35 55 63
54 93 10
98 29 77
54 8 62
14 60 30
9 100 8
10 9 17
34 78 66
75 96 31
88 55 34
70 42 40
9 67 78
84 63 8
29 23 13
93 91 57
97 61 94
57 92 78
16 88 96
23 1 19
91 83 54
60 38 13
68 23 60
38 36 53
100 60 84
52 10 20
65 91 93
49 73 97
19 67 40
91 96 80
22 21 46
75 18 15
71 87 7
73 100 14
34 99 40
69 3 81
13 94 70
86 98 75
1 12 64
15 73 20
50 96 59
54 99 95
44 88 41
79 94 60
20 60 5
15 14 85
20 11 46
63 97 5
44 27 57
86 33 83
32 15 55
24 24 77
73 94 45
25 17 18
33 70 76
89 41 20
24 29 11
41 20 71
78 31 43
45 19 56
27 81 7
32 10 75
58 90 100
12 72 15
42 13 34
94 30 1
53 5 47
88 17 98
95 44 79
64 88 26
75 93 5
91 2 82
47 53 21
35 55 45
2 93 86
57 61 15
55 71 46
85 74 65
91 2 12
93 73 82
63 42 23
82 2 69
67 60 11
19 15 33
90 77 46
56 6 32
50 22 62
35 99 22
22 75 38
57 28 81
100 47 93
60 2 68
34 59 57
65 77 89
40 76 92
60 87 90
75 33 74
70 67 75
75 55 81
17 55 29
90 14 81
49 2 81
46 71 15
35 45 55
100 98 41
24 57 9
94 6 97
35 16 42
100 35 40
21 84 62
95 82 27
71 75 75
96 100 18
57 59 38
88 7 40
14 98 61
21 66 14
53 52 65
32 74 85
50 95 41
84 26 67
33 29 79
89 86 90
0 10 42
77 83 32
6 56 93
35 87 31
57 75 37
47 1 94
24 60 67
11 83 30
8 88 1
41 62 75
46 26 68
73 41 26
18 69 54
0 55 55
66 98 21
33 6 28
12 71 89
7 72 10
30 65 81
63 18 95
54 53 91
64 76 28
36 22 35
7 95 21
20 62 88
37 65 24
28 95 81
32 67 10
0 89 69
80 80 99
62 90 75
28 62 38
10 33 56
2 77 57
49 47 74
13 78 5
83 77 98
85 12 5
22 45 39
97 44 60
6 54 76
35 72 76
20 46 23
27 23 72
76 86 17
2 96 76
38 92 85
48 48 69
37 13 100
22 20 89
51 34 61
8 7 32
89 80 48
22 64 65
13 99 9
54 6 54
0 44 99
34 74 94
30 61 23
48 86 21
49 48 55
47 68 48
83 41 63
79 74 13
63 43 23
61 6 25
53 85 73
24 64 84
32 43 54
40 87 59
1 90 31
15 70 53
49 97 30
100 90 10
67 95 83
80 22 42
33 69 55
47 25 9
4 80 61
12 88 91
19 59 93
5 98 52
24 57 38
3 19 75
92 4 28
94 30 67
19 7 99
57 98 14
96 31 25
41 87 80
82 97 70
88 93 40
30 9 85
80 94 17
3 75 98
97 69 86
88 56 9
91 86 25
54 72 3
28 89 30
40 29 7
15 40 98
67 3 26
78 3 72
44 7 12
57 38 52
62 57 13
70 29 55
23 3 100
96 28 17
87 70 20
95 22 15
98 80 87
23 74 80
13 28 46
18 89 10
16 81 32
85 70 9
95 11 94
61 55 7
28 37 95
85 84 21
67 43 16
83 89 31
92 100 81
49 35 2
52 79 95
100 91 42
13 69 20
75 97 39
12 98 95
97 82 93
94 75 65
16 93 89
6 27 73
15 74 4
75 53 41
1 23 28
12 33 57
13 66 1
60 29 94
94 30 5
6 33 77
86 92 88
52 29 5
70 88 73
63 47 47
31 20 6
23 68 11
95 29 87
42 58 87
6 36 66
29 37 5
29 25 59
29 11 42
43 82 22
65 83 43
92 80 87
71 8 8
52 27 39
99 97 98
84 79 64
19 61 77
55 58 79
5 47 66
10 33 21
43 9 84
69 39 59
46 13 17
74 35 91
38 27 52
26 26 94
24 81 77
59 30 79
93 21 57
84 79 77
100 31 47
84 69 3
12 39 71
16 66 96
17 69 21
4 17 11
81 88 84
26 57 61
85 85 71
27 56 28
67 19 16
81 58 33
65 77 35
43 86 20
49 43 41
98 22 42
19 13 36
29 36 86
29 71 99
16 74 2
88 58 41
20 73 91
54 28 35
77 89 85
77 61 9
64 25 83
52 68 11
99 70 27
18 13 17
39 42 75
6 54 76
12 24 3
97 37 34
84 58 56
36 12 28
32 47 87
54 98 4
92 55 47
5 36 8
94 73 33
48 39 20
57 85 91
62 67 78
23 70 19
85 68 41
39 62 18
71 35 27
67 14 93
76 70 22
19 77 72
82 89 7
56 80 4
15 19 12
93 85 66
61 71 58
67 54 42
28 53 36
36 32 85
18 57 73
61 56 2
13 64 55
85 13 84
95 33 26
75 76 37
80 2 41
44 52 32
49 11 58
41 54 55
93 26 48
87 93 35
52 56 84
22 15 99
85 93 63
8 87 8
2 72 59
67 67 62
41 88 72
59 46 2
99 13 4
2 64 93
7 13 96
42 33 100
87 28 17
32 77 66
89 48 41
50 20 90
2 47 93
90 63 36
56 30 6
13 42 34
12 25 45
19 80 12
10 22 55
86 89 75
69 18 21
81 38 43
72 68 30
56 43 8
48 100 27
82 19 81
57 66 7
58 36 22
66 20 11
2 59 23
84 32 46
71 86 34
54 7 5
4 11 83
87 57 12
51 37 95
52 33 14
8 44 91
5 34 58
33 18 17
22 95 30
12 3 26
38 10 22
99 35 58
74 77 38
48 38 28
95 23 15
15 90 92
33 39 73
60 34 72
23 5 33
55 37 9
81 4 75
16 39 79
32 14 83
13 55 55
72 45 65
56 22 38
4 95 82
51 66 33
73 81 87
91 63 31
25 76 48
7 13 7
51 26 61
100 66 7
60 98 27
23 100 5
31 40 41
4 57 29
82 35 76
63 39 40
87 20 40
94 53 82
84 98 25
23 35 44
42 35 78
64 82 82
34 21 80
34 92 69
23 60 91
94 13 95
92 67 54
17 31 57
55 94 1
11 5 82
9 77 77
96 23 25
98 87 25
0 2 42
67 12 75
57 71 100
33 24 78
93 92 92
85 96 27
51 52 94
93 40 71
1 52 5
72 21 28
94 29 22
79 7 62
98 31 67
8 34 45
82 70 56
6 90 18
26 20 90
33 17 14
11 99 88
51 57 31
31 80 31
59 83 100
84 58 8
92 38 94
66 69 9
95 20 58
10 5 43
48 19 14
98 42 24
82 55 91
81 79 13
66 68 37
16 58 42
67 43 20
38 68 94
55 32 37
74 29 63
18 82 44
53 3 4
2 57 53
47 27 8
8 59 6
39 5 38
18 95 60
91 24 30
69 96 28
59 75 48
44 31 91
6 23 99
14 33 90
79 87 63
56 92 59
79 88 11
50 45 96
75 91 13
31 90 6
70 87 37
87 12 14
18 28 91
45 3 87
58 91 89
7 84 22
28 74 83
39 68 98
37 43 86
87 47 83
50 58 100
24 84 57
38 6 39
12 83 57
94 24 53
52 44 12
34 67 6
38 8 35
15 27 85
68 6 13
6 53 79
16 11 38
76 77 73
99 41 62
53 48 96
31 9 91
84 53 47
3 82 67
55 94 47
80 60 28
48 77 79
11 45 87
42 91 58
93 62 88
51 36 99
30 17 52
59 98 12
35 64 17
36 4 21
48 16 37
22 84 76
47 66 68
18 18 95
65 48 46
4 92 13
90 48 65
63 53 74
55 94 27
35 62 33
75 2 67
91 41 56
4 99 34
47 32 85
57 10 21
34 98 65
43 81 99
62 46 1
76 27 10
5 77 3
89 80 24
97 70 4
39 68 89
97 40 45
0 99 43
13 21 19
9 76 39
23 17 75
53 70 66
87 37 36
79 13 6
54 31 99
57 75 18
58 27 76
11 78 3
1 73 59
73 44 1
21 89 97
93 61 47
48 64 69
17 36 76
83 88 33
21 17 22
31 30 58
2 9 3
85 9 98
59 82 94
34 72 48
78 56 13
34 9 32
75 23 60
33 56 65
88 17 100
13 63 44
14 36 81
47 27 41
68 23 92
7 56 41
25 47 39
38 18 74
35 81 8
30 5 25
20 14 88
16 53 10
7 55 85
20 94 40
38 13 25
82 79 96
42 12 84
14 19 22
89 48 39
68 45 5
99 60 89
74 32 14
10 34 82
19 32 69
72 84 72
99 91 5
66 89 30
23 8 13
49 86 5
40 67 34
82 24 95
28 95 98
47 85 3
59 31 96
100 33 89
37 62 67
61 11 61
21 52 78
69 96 3
87 15 84
46 18 82
25 40 82
80 65 25
46 13 67
35 97 48
41 5 75
14 46 40
84 18 41
