1
103
200
11111111110000000000111111111100000000001111111111
200
11111111110000000000111111111100000000001111111111
200
11111111110000000000111111111100000000001111111111
200
11111111110000000000111111111100000000001111111111
200
11111111110000000000111111111100000000001111111111
200
11111111110000000000111111111100000000001111111111
200
11111111110000000000111111111100000000001111111111
200
11111111110000000000111111111100000000001111111111
200
11111111110000000000111111111100000000001111111111
200
11111111110000000000111111111100000000001111111111
200
11111111110000000000111111111100000000001111111111
200
11111111110000000000111111111100000000001111111111
200
11111111110000000000111111111100000000001111111111
200
11111111110000000000111111111100000000001111111111
200
11111111110000000000111111111100000000001111111111
200
11111111110000000000111111111100000000001111111111
200
11111111110000000000111111111100000000001111111111
200
11111111110000000000111111111100000000001111111111
200
11111111110000000000111111111100000000001111111111
200
11111111110000000000111111111100000000001111111111
200
11111111110000000000111111111100000000001111111111
200
11111111110000000000111111111100000000001111111111
200
11111111110000000000111111111100000000001111111111
200
11111111110000000000111111111100000000001111111111
200
11111111110000000000111111111100000000001111111111
200
11111111110000000000111111111100000000001111111111
200
11111111110000000000111111111100000000001111111111
200
11111111110000000000111111111100000000001111111111
200
11111111110000000000111111111100000000001111111111
200
11111111110000000000111111111100000000001111111111
200
11111111110000000000111111111100000000001111111111
200
11111111110000000000111111111100000000001111111111
200
11111111110000000000111111111100000000001111111111
200
11111111110000000000111111111100000000001111111111
200
11111111110000000000111111111100000000001111111111
200
11111111110000000000111111111100000000001111111111
200
11111111110000000000111111111100000000001111111111
200
11111111110000000000111111111100000000001111111111
200
11111111110000000000111111111100000000001111111111
200
11111111110000000000111111111100000000001111111111
200
11111111110000000000111111111100000000001111111111
200
11111111110000000000111111111100000000001111111111
200
11111111110000000000111111111100000000001111111111
200
11111111110000000000111111111100000000001111111111
200
11111111110000000000111111111100000000001111111111
200
11111111110000000000111111111100000000001111111111
200
11111111110000000000111111111100000000001111111111
200
11111111110000000000111111111100000000001111111111
200
11111111110000000000111111111100000000001111111111
200
11111111110000000000111111111100000000001111111111
200
11111111110000000000111111111100000000001111111111
200
11111111110000000000111111111100000000001111111111
200
11111111110000000000111111111100000000001111111111
200
11111111110000000000111111111100000000001111111111
200
11111111110000000000111111111100000000001111111111
200
11111111110000000000111111111100000000001111111111
200
11111111110000000000111111111100000000001111111111
200
11111111110000000000111111111100000000001111111111
200
11111111110000000000111111111100000000001111111111
200
11111111110000000000111111111100000000001111111111
200
11111111110000000000111111111100000000001111111111
200
11111111110000000000111111111100000000001111111111
200
11111111110000000000111111111100000000001111111111
200
11111111110000000000111111111100000000001111111111
200
11111111110000000000111111111100000000001111111111
200
11111111110000000000111111111100000000001111111111
200
11111111110000000000111111111100000000001111111111
200
11111111110000000000111111111100000000001111111111
200
11111111110000000000111111111100000000001111111111
200
11111111110000000000111111111100000000001111111111
200
11111111110000000000111111111100000000001111111111
200
11111111110000000000111111111100000000001111111111
200
11111111110000000000111111111100000000001111111111
200
11111111110000000000111111111100000000001111111111
200
11111111110000000000111111111100000000001111111111
200
11111111110000000000111111111100000000001111111111
200
11111111110000000000111111111100000000001111111111
200
11111111110000000000111111111100000000001111111111
200
11111111110000000000111111111100000000001111111111
200
11111111110000000000111111111100000000001111111111
200
11111111110000000000111111111100000000001111111111
200
11111111110000000000111111111100000000001111111111
200
11111111110000000000111111111100000000001111111111
200
11111111110000000000111111111100000000001111111111
200
11111111110000000000111111111100000000001111111111
200
11111111110000000000111111111100000000001111111111
200
11111111110000000000111111111100000000001111111111
200
11111111110000000000111111111100000000001111111111
200
11111111110000000000111111111100000000001111111111
200
11111111110000000000111111111100000000001111111111
200
11111111110000000000111111111100000000001111111111
200
11111111110000000000111111111100000000001111111111
200
11111111110000000000111111111100000000001111111111
200
11111111110000000000111111111100000000001111111111
200
11111111110000000000111111111100000000001111111111
200
11111111110000000000111111111100000000001111111111
200
11111111110000000000111111111100000000001111111111
200
11111111110000000000111111111100000000001111111111
200
11111111110000000000111111111100000000001111111111
200
11111111110000000000111111111100000000001111111111
200
11111111110000000000111111111100000000001111111111
200
11111111110000000000111111111100000000001111111111
200
11111111110000000000111111111100000000001111111111
0
