99 400
61 76
38 86
34 46
55 80
41 74
48 59
6 98
88 98
10 97
67 80
24 52
59 97
18 86
45 78
34 85
94 98
24 73
1 89
51 83
6 67
44 55
44 77
47 64
57 90
26 49
46 52
57 60
4 42
36 74
29 62
6 32
50 70
35 61
26 74
40 48
72 80
36 62
30 76
20 89
56 89
20 71
26 30
35 79
33 67
5 10
24 40
3 22
4 17
37 77
11 65
31 33
63 65
18 22
23 31
37 56
55 85
89 91
53 69
6 87
15 19
30 89
40 99
15 57
30 99
33 68
25 46
25 80
21 26
54 56
52 88
13 68
26 92
73 80
30 49
10 59
50 82
78 84
38 46
43 49
21 95
19 67
51 62
57 87
26 52
35 67
3 42
49 99
22 40
12 93
9 37
36 43
16 62
2 97
64 81
65 69
40 81
7 85
46 80
68 69
57 88
87 98
80 87
35 72
21 44
4 20
82 85
2 36
97 98
36 82
79 92
3 70
4 88
43 47
8 27
13 42
66 82
20 65
18 70
44 92
10 69
47 56
14 71
18 20
7 58
3 85
64 69
47 80
20 63
15 33
35 92
14 78
6 16
36 64
37 94
22 23
6 42
17 34
49 66
37 47
29 66
11 52
18 41
38 44
12 55
44 52
48 63
47 89
41 80
47 71
72 97
48 65
11 87
27 81
23 47
10 32
4 83
65 91
24 25
23 80
3 21
87 90
22 33
61 90
74 98
22 27
37 59
29 78
27 98
55 88
4 96
42 80
40 96
96 99
45 86
34 93
12 77
63 77
61 77
51 75
50 87
13 33
29 71
19 88
44 63
76 95
1 29
8 86
82 95
15 80
29 38
6 40
54 86
4 72
36 40
8 11
50 78
37 45
74 88
30 68
28 76
44 54
7 66
90 98
15 40
19 45
43 88
8 44
33 36
16 28
17 25
50 73
54 67
17 51
77 89
45 48
25 26
49 53
4 10
41 97
27 50
10 70
25 38
57 70
2 32
1 84
50 64
63 70
51 68
31 76
9 30
46 95
14 63
44 88
68 86
23 65
62 65
23 63
73 79
21 27
5 56
11 93
35 40
6 55
4 67
17 45
65 77
5 83
78 99
68 93
57 80
46 50
82 93
48 78
16 39
2 70
12 51
38 58
7 90
69 82
19 47
46 53
70 86
27 63
4 43
2 39
32 59
72 75
4 49
2 65
31 59
14 97
29 87
53 81
18 54
14 16
5 69
39 56
26 31
43 83
44 99
46 60
27 52
10 68
9 78
32 40
38 82
7 59
77 80
46 71
66 96
8 83
21 63
22 60
3 36
59 67
31 41
40 63
88 89
52 71
28 91
78 85
18 40
6 79
26 97
69 77
2 22
42 97
47 68
2 48
56 61
62 78
27 56
49 98
7 19
11 84
30 57
52 78
11 42
3 64
30 72
44 50
10 23
7 84
24 62
3 12
4 15
19 49
70 84
60 65
47 50
21 43
40 45
13 79
51 67
43 46
17 73
19 80
57 96
8 72
22 72
19 54
43 85
33 64
10 66
29 52
12 76
27 44
24 90
23 34
53 55
36 90
37 84
31 34
48 57
16 82
8 85
19 37
84 93
25 85
29 39
63 81
13 91
36 53
17 59
44 53
92 95
47 88
47 70
19 42
46 54
59 90
1 35
48 66
36 86
15 68
31 62
79 80
4 92
65 90
47 97
38 62
28 96
14 55
47 79
26 58
14 89
59 83
4 23
19 25
26 36
12 87
59 73
39 73
1 85
54 69
8 30
16 71
56 94
21 72
68 85
100 300
1 34
2 41
8 97
5 81
5 44
3 97
3 52
2 84
7 82
4 55
1 83
2 67
2 22
1 6
7 95
3 7
1 64
2 78
8 90
6 69
3 69
5 8
2 48
1 56
8 24
3 62
10 18
2 42
8 41
2 89
1 28
8 60
4 52
1 94
2 68
2 27
4 10
4 71
2 6
1 54
1 67
4 5
1 59
4 16
3 40
10 85
1 40
4 35
2 47
5 34
1 84
1 31
8 57
2 17
5 63
1 89
9 52
3 74
4 15
2 11
1 49
1 78
6 67
3 95
4 87
2 54
3 18
4 21
3 80
9 88
1 96
1 43
6 16
4 32
2 18
1 87
8 75
6 42
1 68
8 94
3 73
3 28
1 73
1 60
10 65
3 90
3 17
2 59
2 100
11 71
2 38
1 99
1 16
2 85
1 82
1 5
2 64
3 6
1 71
2 79
10 58
7 54
6 58
4 67
4 94
2 49
3 27
2 60
1 44
9 65
1 90
4 47
3 33
2 43
5 83
5 46
4 58
2 86
1 19
1 93
7 93
3 78
1 66
9 13
1 53
2 50
1 58
9 79
5 7
4 17
3 84
2 33
1 100
1 47
6 20
2 44
8 39
5 33
3 49
2 29
1 88
7 96
3 77
5 13
3 94
3 21
1 37
6 87
3 83
3 38
4 99
1 42
2 34
3 59
4 60
2 19
9 33
1 25
7 33
2 92
3 10
1 91
1 14
2 30
4 79
3 31
1 72
1 51
9 11
4 90
6 77
4 24
3 16
2 56
3 93
1 32
4 96
9 90
1 98
7 14
3 37
4 38
3 99
2 82
3 54
8 33
7 27
5 39
1 81
1 4
7 36
8 73
6 52
1 70
2 76
2 3
7 49
14 35
3 71
4 95
1 75
2 14
5 72
2 61
1 35
6 8
11 69
3 32
5 45
3 53
1 18
2 87
2 25
1 7
2 66
5 55
4 65
1 65
1 52
7 52
5 9
3 66
3 25
2 51
1 46
6 21
6 94
5 19
11 23
2 45
4 45
5 32
3 48
1 29
5 98
5 61
2 26
2 71
1 95
7 46
2 13
4 70
1 76
1 55
2 9
13 36
1 36
2 97
5 78
3 82
3 41
2 35
1 41
4 34
3 58
2 46
6 37
1 85
2 16
7 85
2 93
4 72
2 31
1 13
2 72
7 45
6 63
3 75
4 91
2 10
1 79
11 54
3 19
2 57
2 98
4 86
6 12
5 65
3 81
11 12
1 97
7 9
5 94
3 98
3 57
2 83
1 22
2 21
1 80
7 88
6 53
4 77
1 69
1 8
3 70
1 74
1 61
6 79
3 91
2 58
100 405
42 44
42 70
28 42
25 42
44 70
28 44
44 51
26 44
28 70
51 70
70 87
11 70
28 51
28 87
28 85
16 28
51 87
51 85
29 51
14 51
85 87
29 87
34 87
37 87
29 85
34 85
58 85
85 89
29 34
29 58
29 42
29 57
34 58
34 42
34 44
34 54
42 58
44 58
58 70
24 58
25 26
11 25
16 25
25 39
11 26
16 26
14 26
26 100
11 16
11 14
11 37
11 88
14 16
16 37
16 89
16 96
14 37
14 89
14 57
14 50
37 89
37 57
37 54
19 37
57 89
54 89
24 89
83 89
54 57
24 57
25 57
57 64
24 54
25 54
26 54
54 69
24 25
24 26
11 24
24 99
39 100
39 88
39 96
39 73
88 100
96 100
50 100
56 100
88 96
50 88
19 88
13 88
50 96
19 96
83 96
18 96
19 50
50 83
50 64
50 98
19 83
19 64
19 69
19 76
64 83
69 83
83 99
45 83
64 69
64 99
39 64
64 97
69 99
39 69
69 100
32 69
39 99
99 100
88 99
4 99
56 73
13 73
18 73
10 73
13 56
18 56
56 98
20 56
13 18
13 98
13 76
13 81
18 98
18 76
18 45
6 18
76 98
45 98
97 98
55 98
45 76
76 97
32 76
5 76
45 97
32 45
4 45
27 45
32 97
4 97
73 97
33 97
4 32
32 73
32 56
32 62
4 73
4 56
4 13
4 43
10 20
10 81
6 10
2 10
20 81
6 20
20 55
20 71
6 81
55 81
5 81
3 81
6 55
5 6
6 27
6 47
5 55
27 55
33 55
55 68
5 27
5 33
5 62
5 49
27 33
27 62
27 43
27 75
33 62
33 43
10 33
33 95
43 62
10 62
20 62
62 63
10 43
20 43
43 81
43 74
2 71
2 3
2 47
2 82
3 71
47 71
68 71
31 71
3 47
3 68
3 49
3 52
47 68
47 49
47 75
47 79
49 68
68 75
68 95
21 68
49 75
49 95
49 63
49 60
75 95
63 75
74 75
22 75
63 95
74 95
2 95
53 95
63 74
2 63
63 71
38 63
2 74
71 74
3 74
74 90
31 82
52 82
79 82
61 82
31 52
31 79
21 31
8 31
52 79
21 52
52 60
46 52
21 79
60 79
22 79
36 79
21 60
21 22
21 53
15 21
22 60
53 60
38 60
60 94
22 53
22 38
22 90
22 30
38 53
53 90
53 82
53 86
38 90
38 82
31 38
38 72
82 90
31 90
52 90
48 90
8 61
46 61
36 61
40 61
8 46
8 36
8 15
8 17
36 46
15 46
46 94
46 84
15 36
36 94
30 36
9 36
15 94
15 30
15 86
15 92
30 94
86 94
72 94
7 94
30 86
30 72
30 48
30 66
72 86
48 86
61 86
86 91
48 72
61 72
8 72
1 72
48 61
8 48
46 48
48 59
17 40
40 84
9 40
40 80
17 84
9 17
17 92
17 65
9 84
84 92
7 84
23 84
9 92
7 9
9 66
9 12
7 92
66 92
91 92
92 93
7 66
7 91
1 7
7 41
66 91
1 66
59 66
66 67
1 91
59 91
40 91
35 91
1 59
1 40
1 17
1 77
40 59
17 59
59 84
59 78
65 80
23 80
23 65
12 80
12 65
12 23
80 93
65 93
23 93
12 93
41 80
41 65
23 41
12 41
41 93
67 80
65 67
23 67
12 67
67 93
41 67
35 80
35 65
23 35
12 35
35 93
35 41
35 67
77 80
65 77
23 77
12 77
77 93
41 77
67 77
35 77
78 80
65 78
23 78
12 78
78 93
41 78
67 78
35 78
77 78
99 444
10 49
44 94
35 55
7 17
55 73
3 24
65 97
15 42
87 99
9 43
26 44
28 30
75 94
23 74
37 52
33 64
23 27
15 28
52 76
69 84
65 80
28 46
62 81
48 76
38 73
55 56
30 92
38 55
77 79
23 63
39 98
50 93
32 66
11 90
85 95
2 23
58 61
19 84
89 95
27 78
52 69
57 94
87 98
43 70
55 88
63 78
41 61
34 81
17 71
89 90
58 95
24 31
45 64
32 85
1 68
40 51
16 64
8 70
5 92
86 94
37 79
88 98
3 68
43 54
20 56
59 80
25 42
17 93
17 50
25 92
26 94
12 67
22 67
46 92
1 62
49 69
74 80
48 77
35 88
21 97
6 42
9 53
17 26
7 75
18 45
27 74
33 83
60 70
33 51
5 15
19 76
29 64
61 85
21 80
10 52
48 52
69 79
56 88
30 46
38 39
20 98
27 63
92 96
41 95
58 66
37 48
58 90
11 32
14 96
4 12
2 27
16 40
23 78
17 94
18 51
14 28
53 70
59 65
44 71
68 82
24 81
45 51
12 53
13 29
37 76
40 64
36 64
5 14
29 51
47 58
24 62
21 23
54 67
72 81
7 94
3 82
39 56
20 99
74 97
59 63
9 67
50 57
25 46
12 54
22 60
53 67
14 46
3 72
48 79
30 96
38 98
18 36
39 55
41 58
6 15
26 75
4 53
29 83
43 60
13 16
2 78
5 25
10 76
61 95
79 84
58 89
19 52
37 77
73 99
20 38
20 87
63 80
39 99
25 96
41 85
34 82
11 66
32 90
40 45
32 58
12 60
13 83
81 91
62 82
49 84
74 78
44 86
1 72
43 53
21 59
82 91
13 33
22 43
40 83
5 6
28 42
8 53
58 85
21 27
11 47
44 57
35 99
73 98
1 3
80 97
42 46
88 99
9 54
26 86
14 30
4 22
57 75
8 60
49 52
76 84
27 80
48 84
56 87
19 77
38 87
6 30
16 18
15 96
10 79
39 88
26 50
11 41
26 93
4 43
71 75
28 96
13 36
2 21
34 62
18 29
11 89
65 78
27 65
56 73
55 87
67 70
35 38
63 74
41 90
1 34
7 71
66 90
24 82
47 95
33 45
1 81
16 33
68 81
29 40
31 91
8 54
14 92
17 86
7 44
72 82
3 81
59 78
57 71
86 93
9 12
50 86
4 8
22 70
6 28
5 42
10 37
37 69
35 87
73 87
27 97
42 92
7 26
9 22
17 75
36 45
21 74
64 83
29 33
23 65
69 76
51 64
32 61
52 84
23 80
48 69
19 69
56 98
19 79
38 99
20 88
10 77
21 63
6 96
50 71
66 85
47 90
4 70
32 95
5 96
2 65
66 89
21 78
17 57
87 88
54 70
55 98
41 89
27 59
34 91
71 86
61 90
57 93
24 68
29 45
49 76
33 40
8 67
57 86
3 62
49 79
68 72
20 35
3 31
56 99
20 39
78 97
2 59
42 96
7 93
8 9
7 50
6 25
26 57
12 43
8 22
15 92
78 80
19 48
35 98
30 42
6 92
44 75
15 46
16 45
65 74
51 83
54 60
2 80
14 15
14 25
61 66
16 29
47 89
52 79
39 73
38 56
20 55
63 65
32 41
47 66
85 90
13 45
8 12
19 37
37 84
32 89
62 72
31 62
24 72
34 68
31 82
24 91
13 64
5 28
47 85
11 58
21 65
43 67
72 91
35 39
7 57
73 88
3 34
53 54
2 97
59 97
98 99
15 25
5 30
12 22
53 60
61 89
5 46
10 48
38 88
16 36
39 87
50 75
41 47
26 71
4 54
18 83
2 74
76 79
11 61
10 84
29 36
52 77
62 91
49 77
20 73
2 63
90 95
1 82
11 95
32 47
1 91
13 40
18 33
31 81
18 40
68 91
8 43
28 92
16 51
17 44
34 72
3 91
63 97
59 74
71 94
81 82
44 93
37 49
4 9
1 24
4 60
22 54
6 14
100 3735
33 55
51 97
22 29
5 37
9 64
8 26
12 91
30 45
73 93
2 65
3 79
42 58
13 60
53 99
18 65
77 89
42 75
6 85
7 99
46 62
11 98
50 59
68 81
1 56
21 59
60 98
61 82
9 88
46 79
85 96
33 78
15 78
54 63
76 98
22 38
5 36
96 99
8 23
30 38
34 35
17 39
74 92
55 88
79 90
62 64
27 68
80 86
13 51
18 58
20 97
21 83
38 55
77 88
43 68
6 94
78 96
46 55
67 94
50 52
68 90
1 15
4 12
24 85
26 59
33 69
34 75
72 94
2 34
58 61
22 47
5 43
9 46
8 16
49 69
12 73
13 91
30 63
17 30
74 93
2 83
3 65
6 54
80 83
10 51
28 73
13 42
77 79
78 89
25 29
6 71
43 75
67 85
50 53
31 87
68 95
1 6
65 99
46 65
86 90
33 92
15 96
71 73
72 91
19 99
2 59
58 70
5 18
81 99
27 35
12 66
13 82
34 61
17 21
37 96
38 88
42 45
23 31
80 92
27 86
10 60
28 66
13 33
18 44
38 57
21 97
78 82
25 100
43 54
7 88
11 27
68 72
31 90
14 64
32 86
1 29
92 94
41 100
9 77
86 99
33 83
34 69
15 39
72 84
19 94
2 52
58 79
59 69
22 49
5 25
81 90
64 97
30 49
34 54
74 79
37 71
38 81
3 83
55 57
6 40
62 75
27 93
10 61
31 50
52 77
35 45
18 45
53 71
43 61
6 73
7 79
68 77
31 65
14 57
32 83
56 73
72 73
19 85
2 53
58 88
59 80
22 58
5 8
47 52
37 78
38 90
3 46
23 41
6 33
62 68
63 84
10 38
28 96
31 57
35 40
18 38
53 78
38 43
7 66
50 96
14 50
32 92
19 61
56 66
39 60
41 82
33 97
51 55
19 80
58 89
22 67
5 15
44 94
27 64
47 59
49 97
69 100
20 21
3 37
38 67
23 36
98 99
62 93
63 91
10 47
28 85
31 36
52 91
35 63
16 65
53 85
43 47
7 57
11 56
50 81
51 95
14 43
39 51
41 89
26 32
9 98
15 60
19 71
2 7
59 82
22 76
23 76
44 83
45 93
47 62
74 98
20 30
3 64
38 76
23 59
6 19
62 86
63 94
10 88
28 46
31 43
16 74
18 24
7 52
11 63
50 74
51 90
14 36
32 74
19 47
56 88
39 54
4 86
41 96
44 59
65 70
66 74
12 22
30 100
34 97
19 66
59 89
22 85
23 67
44 76
8 98
69 82
52 60
16 34
3 55
23 62
6 28
63 69
10 89
11 87
31 46
87 95
35 49
16 87
1 65
56 64
77 97
7 43
11 58
50 67
51 81
36 52
19 42
75 91
76 89
39 45
4 91
5 85
41 71
44 52
65 93
66 67
2 17
22 94
44 65
45 83
8 95
84 90
47 80
48 72
70 87
16 47
20 44
10 66
11 82
28 60
48 53
88 94
35 76
16 96
1 72
25 78
26 66
7 46
11 33
14 86
19 33
76 82
39 40
4 68
5 84
41 78
65 84
66 92
23 93
45 74
84 95
47 87
48 77
13 99
69 72
70 96
16 56
20 49
42 100
25 38
6 14
62 97
10 75
28 49
31 32
88 91
35 67
36 81
1 95
4 60
78 97
24 37
7 37
26 75
51 67
14 79
32 37
19 28
76 87
39 95
4 73
9 30
8 64
12 57
30 79
15 24
40 54
80 99
8 77
47 90
48 86
69 79
17 93
16 61
18 99
20 58
3 4
25 45
11 68
48 59
87 100
35 94
36 90
1 86
53 56
60 80
25 92
26 84
82 95
29 41
33 44
14 72
32 46
76 80
8 53
66 86
29 96
12 50
30 72
15 31
90 96
54 66
40 51
45 64
8 70
47 97
49 59
13 17
89 98
17 84
18 92
57 75
20 63
25 52
63 97
35 85
36 95
1 45
53 63
21 40
4 42
24 59
7 23
26 85
82 88
29 40
83 96
33 35
14 65
32 43
36 48
40 91
5 73
9 12
8 46
64 81
29 87
12 55
17 60
91 95
55 73
3 99
40 44
45 55
8 67
49 50
48 92
13 16
17 75
57 82
20 72
25 59
88 98
36 72
1 36
92 99
4 47
60 94
61 70
26 94
83 87
46 99
29 63
33 58
39 68
40 84
5 56
41 42
9 51
8 43
64 90
30 90
17 51
37 62
55 68
45 46
10 22
48 97
17 66
18 86
57 89
20 77
42 96
43 88
6 98
28 29
36 77
1 59
21 54
4 24
60 83
61 93
46 92
33 49
75 97
5 63
9 58
8 36
64 71
49 81
12 37
17 42
73 87
54 93
55 91
2 79
10 31
13 62
57 96
21 78
42 65
67 73
31 99
1 50
93 99
4 29
61 92
24 66
9 82
26 48
46 85
33 56
15 76
22 28
5 38
40 66
9 33
8 25
64 80
49 88
30 44
73 94
74 82
55 94
2 72
42 57
79 88
13 53
53 100
16 26
21 85
77 90
42 74
43 90
6 84
46 61
67 68
50 58
68 84
14 20
1 9
4 6
24 95
85 89
33 79
71 96
2 48
58 59
76 97
22 37
9 40
8 18
49 79
30 37
13 93
17 40
37 43
2 89
55 85
79 95
62 63
27 65
13 52
18 57
20 100
21 84
38 54
77 81
43 65
6 93
78 95
46 54
50 51
36 100
1 16
24 88
46 71
86 96
33 70
34 74
15 86
71 87
72 93
58 68
22 46
9 47
8 15
49 70
12 76
34 59
17 31
73 76
37 82
2 82
42 43
6 53
80 94
10 50
13 43
52 66
18 50
38 63
77 80
78 88
43 76
6 70
7 94
46 47
11 17
31 88
1 7
61 97
9 71
65 100
33 93
34 67
15 93
71 74
72 86
2 58
81 100
27 36
12 65
13 83
30 55
34 52
37 89
38 87
3 89
23 32
80 91
10 59
13 34
52 71
18 43
38 40
21 98
7 85
11 28
68 71
14 63
32 85
92 93
9 78
86 98
33 84
34 92
72 83
19 91
2 51
58 78
59 70
22 64
81 91
27 43
64 100
13 74
37 72
38 96
3 84
6 39
62 74
10 36
31 55
89 90
52 80
35 46
53 72
26 100
7 80
68 80
31 66
14 56
32 94
1 21
93 94
56 76
4 98
24 99
51 61
34 93
15 47
72 76
19 86
2 12
58 87
59 77
22 57
40 99
47 49
13 65
73 97
37 79
59 64
23 42
62 67
63 81
10 37
28 95
31 58
52 85
35 37
18 37
53 79
7 71
11 14
50 95
31 73
14 49
32 91
56 65
39 57
41 83
65 73
33 98
34 86
58 96
59 88
22 66
5 16
44 93
47 60
49 98
38 66
3 38
23 33
6 41
62 92
63 92
10 46
28 88
31 33
52 94
35 64
16 68
18 30
53 86
43 48
7 58
50 88
51 96
14 42
32 68
19 53
56 90
26 31
9 99
65 80
12 32
15 57
54 100
2 6
58 97
59 95
22 75
23 73
44 86
45 94
47 67
70 100
38 75
23 60
6 18
62 85
63 67
10 87
31 44
35 55
16 73
1 75
18 23
53 93
25 65
7 49
11 64
50 73
51 87
32 73
19 48
75 81
39 43
4 85
41 65
44 62
65 71
66 73
12 21
30 99
59 90
22 84
23 68
44 75
45 85
47 70
16 33
20 38
3 56
6 27
63 70
28 38
11 88
35 50
56 63
77 98
25 72
7 44
50 66
51 82
32 50
19 39
75 92
76 92
39 46
4 94
5 86
41 72
44 51
9 17
65 94
59 97
22 93
44 68
8 90
47 77
48 71
69 90
70 86
16 42
37 99
3 15
63 77
10 65
11 95
28 59
48 56
88 93
1 89
4 54
25 79
24 47
7 35
26 65
82 100
51 73
14 85
15 99
36 60
19 34
76 81
41 79
5 93
9 24
65 85
66 91
29 75
40 64
23 94
8 87
84 98
48 80
13 100
70 95
20 52
3 10
25 39
6 13
10 74
11 90
35 68
36 84
1 96
4 59
60 74
25 86
24 40
7 38
26 74
11 41
51 68
14 78
75 78
39 96
4 76
5 92
41 54
8 63
66 84
29 66
12 60
54 72
2 98
40 53
23 85
27 28
8 80
45 66
47 95
13 27
69 80
70 72
18 98
57 69
20 57
25 46
87 97
35 91
36 89
1 87
21 26
4 36
60 79
25 93
24 61
7 29
26 83
82 94
29 42
14 71
32 45
36 42
19 20
76 79
39 87
5 67
8 56
66 85
29 89
12 49
30 71
15 32
90 95
54 65
40 46
27 99
45 57
47 98
48 94
49 60
89 99
57 76
3 28
43 99
63 98
11 76
35 86
53 64
1 46
21 33
60 72
24 54
82 87
29 33
33 36
36 47
39 74
40 86
5 74
61 63
9 13
8 45
64 84
12 42
30 96
91 96
54 74
37 56
55 74
3 100
40 43
45 56
10 20
49 51
48 91
70 74
17 76
18 84
57 83
20 71
3 19
42 86
25 60
88 97
36 71
1 37
21 48
61 71
24 51
7 15
46 98
33 59
41 43
9 52
49 91
12 47
30 89
17 52
73 81
54 83
37 63
55 65
45 47
48 100
57 90
20 80
21 72
43 85
28 32
67 79
36 80
1 60
4 23
60 86
61 94
24 76
26 38
29 55
15 66
71 99
75 98
40 76
9 59
8 35
64 66
49 82
12 40
30 82
17 43
54 92
55 92
42 55
13 63
18 78
57 97
21 79
67 74
31 100
14 26
1 51
93 100
21 62
61 85
24 65
9 83
46 84
22 27
5 39
40 65
9 34
8 28
64 79
49 73
12 93
30 43
17 34
74 81
37 45
2 71
55 83
42 64
79 85
27 71
13 54
16 25
18 71
77 91
6 83
7 97
46 60
50 57
14 19
1 10
4 5
60 100
24 90
26 56
85 90
33 80
14 100
15 84
54 61
76 100
5 46
8 17
49 80
30 36
13 94
17 25
74 90
55 86
2 96
3 72
80 88
27 66
13 45
18 64
20 99
21 93
38 53
78 94
6 92
7 92
46 53
11 23
67 92
68 92
32 98
36 99
4 14
24 87
9 65
26 57
85 97
86 95
33 71
34 73
15 91
71 88
2 40
58 67
22 45
5 21
9 48
8 10
30 61
13 85
34 58
17 32
73 77
2 81
3 95
6 52
80 93
27 73
28 75
13 44
52 65
18 49
43 73
6 69
31 85
61 98
9 72
34 66
15 94
71 79
72 85
19 97
2 57
58 76
22 54
27 33
12 68
13 84
30 54
34 51
17 23
37 90
38 86
3 90
23 29
6 61
62 80
27 84
28 68
13 35
52 74
38 39
21 99
43 52
6 78
7 86
11 25
31 96
1 31
56 78
9 79
66 100
86 97
33 85
34 91
15 37
72 78
19 92
2 50
58 77
59 67
22 63
81 92
44 98
27 44
64 99
74 77
37 65
38 95
3 81
55 63
23 24
6 38
62 73
27 91
10 35
31 56
52 79
35 43
18 35
53 65
38 48
43 59
26 99
7 77
68 79
31 71
14 55
93 95
4 97
34 84
15 48
72 75
19 83
2 11
59 78
22 72
81 83
27 51
47 50
13 66
37 80
38 72
3 44
59 61
23 47
62 66
63 82
10 44
28 82
31 63
52 88
35 38
16 70
18 28
53 80
38 41
7 72
31 74
14 48
32 70
19 59
56 68
41 84
65 74
12 26
33 99
34 85
15 55
19 78
2 4
58 95
22 65
5 9
44 96
27 62
47 57
49 99
20 23
3 35
38 65
94 100
23 34
6 24
63 89
10 45
28 87
31 34
35 61
18 29
53 87
43 45
7 63
11 54
51 93
14 41
32 67
19 54
75 87
56 89
41 91
5 97
26 30
12 31
15 58
19 69
2 5
59 96
23 74
44 85
45 95
69 85
52 53
70 99
20 32
38 74
23 57
6 17
62 84
10 86
28 48
35 56
53 94
1 76
25 66
7 50
50 80
51 88
14 34
32 76
19 45
75 82
56 82
41 66
4 88
66 80
12 24
30 98
2 30
23 65
44 78
45 86
8 100
47 75
69 84
52 62
16 36
20 37
3 53
23 52
6 26
10 95
11 85
28 37
87 93
16 81
56 58
7 41
50 65
51 79
14 91
36 54
19 40
76 91
41 73
4 93
5 87
44 54
9 18
65 95
29 77
12 13
55 99
2 23
23 92
44 67
45 77
8 89
84 92
47 78
69 91
70 85
17 97
16 41
37 100
20 46
63 78
10 72
11 96
28 62
48 55
87 88
88 96
35 74
1 90
4 53
25 80
26 72
11 47
51 74
32 58
15 100
36 59
19 31
76 84
41 80
4 70
9 25
65 86
66 90
29 76
15 19
45 76
84 97
47 85
48 79
13 29
70 94
16 50
20 51
42 98
25 40
6 12
10 73
11 71
28 51
48 64
35 65
1 81
4 62
60 73
25 87
24 39
7 27
26 73
11 42
51 65
14 77
32 39
19 26
39 93
4 75
5 69
41 55
66 83
29 67
12 59
30 77
15 22
54 71
23 86
8 79
47 96
48 88
13 28
69 73
70 71
17 95
16 63
18 97
57 70
20 60
25 47
87 98
35 92
21 27
4 35
60 66
25 94
24 64
7 30
26 82
29 43
33 46
14 70
36 41
39 88
40 96
5 68
41 62
8 55
64 86
29 90
12 52
30 70
15 29
90 94
54 80
40 45
27 100
8 72
45 58
48 93
89 100
70 80
17 86
18 90
57 77
20 65
3 25
42 84
25 54
43 100
11 73
35 83
36 65
1 47
53 57
21 34
4 44
60 71
7 21
33 37
39 79
40 85
5 75
61 64
9 14
8 48
12 41
17 62
91 93
54 73
37 49
55 79
3 97
45 49
49 52
70 73
17 77
18 83
20 74
3 20
42 85
25 61
10 100
88 100
36 74
4 17
60 96
61 72
24 78
7 16
26 36
46 97
29 57
33 60
39 66
40 78
5 50
41 44
9 53
8 37
64 92
49 92
12 34
30 88
37 64
2 76
45 48
10 28
17 68
16 22
18 76
57 91
20 79
42 94
43 86
67 80
36 79
1 61
60 85
61 95
24 75
46 90
29 56
33 51
15 71
71 100
40 75
9 60
64 65
49 83
30 81
54 91
55 89
42 54
79 83
10 29
13 64
16 19
57 98
20 88
21 80
43 93
67 71
31 97
14 25
1 52
21 63
61 86
24 68
9 84
26 46
46 83
71 91
22 26
5 40
40 68
9 35
8 27
49 74
30 42
34 47
17 35
73 96
74 88
37 46
2 70
3 78
55 84
42 63
79 86
27 72
13 55
16 28
18 70
21 87
77 92
42 80
43 72
6 82
7 98
50 64
68 86
1 11
56 98
4 8
60 99
24 89
85 91
33 65
14 99
15 81
71 94
54 60
72 98
2 46
76 99
22 35
5 47
9 42
8 20
12 85
13 95
34 40
17 26
74 89
37 85
2 95
3 69
79 93
80 87
27 79
10 15
13 46
16 97
38 52
21 94
77 83
78 93
43 79
7 89
46 52
11 24
68 91
31 83
32 97
1 2
24 82
46 69
86 94
33 72
15 92
71 85
72 95
2 39
58 66
22 44
5 22
12 78
13 86
34 57
73 78
37 84
2 88
3 96
23 27
6 51
80 96
27 74
28 78
13 37
52 68
18 56
38 61
25 32
43 74
7 84
11 31
31 86
1 25
61 99
9 73
33 95
34 65
15 35
71 80
72 88
19 98
2 64
58 75
90 100
22 53
5 29
27 34
12 67
13 77
74 75
37 91
38 85
3 87
23 30
6 60
62 79
27 81
10 57
13 36
18 41
1 97
21 100
78 79
43 49
6 77
11 26
68 73
31 93
14 61
32 87
56 77
9 80
66 99
34 90
72 77
19 89
2 49
58 84
59 68
22 62
5 28
44 97
27 41
47 48
13 76
55 64
38 94
3 82
62 72
10 34
28 92
31 53
89 92
52 82
35 44
18 34
43 60
26 98
7 78
50 92
31 72
32 96
1 23
93 96
4 100
34 83
19 84
2 10
58 85
22 71
44 90
27 52
47 55
13 67
73 99
38 71
3 41
59 62
6 46
62 65
63 87
10 43
28 81
31 64
52 87
53 73
16 69
11 12
50 93
14 47
32 69
56 67
39 63
26 28
12 25
33 100
15 56
19 75
58 94
59 86
5 10
27 59
45 97
47 58
49 100
20 26
38 80
94 99
23 39
6 23
62 90
10 84
28 42
31 39
35 62
53 88
24 30
7 64
11 51
51 94
14 40
32 78
56 92
39 50
4 82
5 98
41 92
65 66
12 18
54 98
19 70
2 28
59 93
22 73
23 79
44 88
45 96
70 98
16 38
20 31
3 59
38 73
23 58
6 32
62 83
63 65
10 85
28 47
31 42
35 53
16 75
1 77
18 21
53 95
25 67
24 27
7 55
11 62
50 79
32 75
19 46
75 95
56 81
39 41
4 87
44 64
65 89
66 79
30 97
2 29
22 82
79 99
44 77
45 87
47 76
69 93
52 61
16 35
20 40
3 54
23 49
6 25
63 76
28 40
35 80
1 68
56 57
77 100
7 42
11 37
50 72
51 80
14 90
32 52
19 37
75 90
41 74
4 96
5 88
44 53
9 19
65 96
66 72
29 78
12 16
55 100
2 22
22 91
44 70
8 92
84 91
47 83
69 92
70 84
17 98
16 44
20 45
3 13
25 34
10 71
11 93
28 61
48 50
35 71
16 89
1 91
21 22
25 81
24 41
7 33
26 71
51 71
14 83
15 97
19 32
76 83
4 69
65 87
29 69
40 58
27 31
8 81
45 69
47 86
84 100
13 30
70 93
17 89
16 49
38 100
25 41
6 11
10 80
11 72
36 86
1 82
21 29
60 76
25 88
26 80
82 91
29 45
51 66
14 76
32 34
19 23
75 76
39 94
4 78
5 70
41 56
8 57
66 82
29 68
12 62
30 76
15 27
90 92
54 70
40 55
45 68
8 74
47 93
48 87
13 21
69 74
17 96
16 58
57 71
20 59
3 31
94 96
25 48
11 79
67 100
35 89
36 91
1 41
21 28
24 63
26 81
82 84
29 44
32 47
39 85
40 95
5 77
41 63
8 50
64 85
29 91
12 51
30 69
15 30
90 93
54 79
40 48
27 97
8 71
45 59
49 62
13 20
70 79
17 87
18 89
20 68
3 26
42 83
43 97
11 74
35 84
36 68
1 48
53 58
57 61
21 35
61 74
24 56
26 90
29 35
50 100
33 38
40 88
5 76
8 47
64 94
29 82
12 44
30 94
17 63
91 94
54 88
55 80
45 50
10 18
49 53
17 78
18 82
57 85
20 73
3 17
42 92
10 99
68 98
88 99
1 39
21 42
61 65
24 77
83 86
46 96
29 58
33 61
41 45
22 23
5 51
40 77
9 54
8 40
64 91
30 87
17 54
73 83
54 81
55 71
2 75
42 52
28 97
16 21
18 75
57 92
20 82
43 83
67 77
14 31
21 49
97 98
7 8
29 49
85 86
33 52
15 72
71 97
22 32
5 58
40 70
9 61
8 29
64 68
12 90
30 48
17 45
73 90
54 90
55 90
42 53
79 84
13 57
16 30
18 68
57 99
20 87
77 94
42 70
43 94
6 88
11 99
67 72
14 24
1 53
61 87
24 67
26 45
33 75
71 92
2 44
40 67
5 33
96 98
8 22
64 73
12 95
30 41
34 46
17 36
74 87
37 47
2 69
3 75
55 81
42 62
79 91
13 56
16 27
18 69
20 96
77 85
43 69
6 81
46 58
68 85
14 17
1 12
56 97
4 7
26 54
9 92
46 75
85 92
33 66
71 83
72 97
2 45
58 64
22 34
5 48
8 19
49 66
12 88
13 96
30 34
74 96
37 86
2 94
3 70
27 80
10 14
13 47
16 100
38 51
21 95
78 92
25 26
6 90
7 90
43 80
46 51
11 21
67 90
50 56
31 84
32 100
68 94
1 3
4 16
24 81
9 67
26 63
46 68
29 30
86 93
34 79
15 89
71 86
72 90
2 38
58 65
22 43
5 23
27 40
8 12
12 77
17 18
37 93
2 87
23 28
6 50
80 95
27 87
10 55
28 77
18 55
38 60
25 97
6 67
11 32
67 81
31 91
61 100
9 74
33 96
15 36
72 87
19 95
2 63
58 74
22 52
5 30
12 70
37 92
38 84
3 88
6 59
62 78
27 82
10 64
28 70
31 51
43 50
7 76
31 94
32 82
1 17
56 80
66 98
33 87
34 89
15 43
71 72
19 90
2 56
58 83
59 65
22 61
81 94
13 69
55 61
38 93
3 47
62 71
28 91
31 54
89 93
52 81
35 41
18 33
53 67
38 46
43 57
26 97
7 67
63 64
31 69
32 95
1 24
51 60
34 82
15 46
91 99
2 9
58 92
59 76
22 70
81 85
44 89
27 49
47 56
13 68
69 97
73 100
55 56
38 70
3 42
23 45
62 96
63 88
10 42
28 84
31 61
52 90
53 74
16 72
18 26
7 70
50 84
31 80
14 46
32 72
19 57
56 94
41 86
65 76
29 98
12 28
15 53
19 76
59 83
22 79
5 11
44 82
27 60
45 98
47 63
30 31
20 25
3 33
38 79
94 98
23 40
6 22
63 95
10 83
28 41
31 40
52 95
35 59
16 77
18 19
24 29
7 61
11 52
51 91
32 77
19 52
75 85
56 91
39 55
4 81
41 93
44 58
65 67
12 17
34 100
15 64
54 97
19 67
2 27
59 94
22 88
23 80
44 87
45 89
47 66
52 55
70 97
16 37
3 60
23 63
6 31
62 82
63 66
10 92
87 92
16 86
7 56
11 59
50 78
51 86
14 96
32 54
75 96
56 84
39 42
44 63
65 90
66 78
2 20
22 81
23 71
79 100
44 80
8 94
84 85
47 73
69 94
52 64
16 46
20 39
3 51
95 100
23 50
6 8
63 73
28 39
11 83
35 77
16 83
1 69
4 50
25 75
7 47
11 38
50 71
51 77
14 89
32 51
76 93
4 95
5 81
44 56
9 20
65 81
66 71
29 79
12 15
55 97
2 21
23 90
44 69
45 79
84 94
48 68
70 83
20 48
3 14
62 100
10 70
28 64
48 49
88 90
1 92
21 23
4 55
78 100
25 82
26 70
7 34
82 97
11 45
51 72
14 82
32 60
19 29
76 86
39 92
4 72
5 96
41 50
9 27
65 88
66 96
22 99
23 81
40 57
80 98
27 32
8 84
45 70
84 99
48 73
13 31
70 92
16 52
57 65
20 53
38 99
25 42
6 10
28 53
11 69
35 95
36 85
1 83
21 30
4 64
60 75
25 89
24 33
7 25
26 79
82 90
29 46
14 75
32 33
41 57
4 77
5 71
8 60
66 81
29 93
12 61
30 75
15 28
90 91
54 69
40 50
8 73
48 82
13 22
69 75
17 81
16 57
20 62
3 32
94 95
25 49
11 80
35 90
36 94
1 42
21 37
4 37
24 58
7 20
26 88
82 83
29 37
83 97
14 68
32 42
36 43
39 86
41 64
5 78
64 88
30 68
17 57
54 78
40 47
23 99
45 60
48 95
70 78
18 96
57 79
20 67
3 23
42 82
35 81
53 59
1 33
57 62
92 98
21 36
60 89
61 75
26 89
83 92
50 99
39 77
40 87
9 16
8 42
29 83
12 43
30 93
17 64
54 87
55 77
45 51
10 17
17 79
18 81
57 86
20 76
25 63
36 76
60 82
61 66
26 34
7 14
46 95
29 59
33 62
41 46
40 80
5 52
9 55
64 70
12 36
30 86
73 84
54 96
42 51
10 26
28 100
17 70
16 24
18 74
57 93
20 81
43 84
67 78
35 99
1 63
4 28
60 87
97 99
24 69
26 43
46 88
29 50
85 87
33 53
51 99
15 69
54 56
22 31
8 32
64 67
12 89
30 47
34 44
54 89
55 95
42 60
79 81
13 58
53 97
16 29
18 67
20 90
21 74
42 69
43 91
46 64
11 100
67 69
14 23
1 54
21 57
61 88
24 94
9 86
46 81
85 94
15 80
71 89
2 43
96 97
9 37
8 21
64 76
49 76
12 82
30 40
34 45
17 37
74 86
37 48
2 92
3 76
55 82
42 61
79 92
27 70
10 12
13 49
18 60
20 95
21 81
77 86
43 70
6 96
46 57
50 62
14 16
1 13
56 100
26 53
9 93
46 74
33 67
14 97
71 84
54 58
72 100
58 63
22 33
5 41
9 44
12 87
34 38
17 28
74 95
2 93
6 56
80 81
27 77
10 13
13 48
21 96
78 91
25 27
43 77
46 50
67 87
50 55
68 93
32 99
1 4
4 15
24 84
9 68
26 62
46 67
29 31
85 100
86 92
34 78
72 89
58 72
22 42
5 24
27 37
8 11
12 80
13 88
17 19
73 80
37 94
3 94
6 49
27 88
10 54
28 80
13 39
52 70
18 54
38 59
25 98
6 66
7 82
43 56
67 82
68 70
1 27
41 98
33 81
34 71
71 78
72 82
2 62
58 73
59 71
22 51
5 31
27 48
30 51
34 56
38 83
3 85
6 58
27 95
10 63
28 69
52 75
53 69
1 99
43 63
68 75
32 81
1 18
56 79
24 98
66 97
34 96
15 44
19 87
2 55
59 66
22 60
40 98
81 95
27 55
13 70
37 68
38 92
3 48
55 62
23 43
6 35
62 70
27 90
28 94
31 59
89 94
52 84
35 42
53 68
38 45
43 58
7 68
50 90
31 70
14 52
32 90
19 63
51 57
34 81
2 16
58 91
59 73
22 69
5 13
44 92
47 53
69 98
37 75
38 69
3 39
59 60
23 46
6 44
10 41
28 83
31 62
52 89
53 75
18 25
31 77
14 45
19 58
56 93
41 87
65 77
29 99
51 52
15 54
19 73
58 100
22 78
5 12
44 81
27 57
47 64
74 100
20 28
38 78
94 97
23 37
6 21
62 88
10 82
28 44
31 37
53 82
16 80
43 44
24 32
7 62
11 49
50 76
51 92
14 38
32 80
56 86
41 94
4 84
65 68
66 76
12 20
34 99
15 61
19 68
22 87
23 77
44 74
45 90
47 71
12 97
52 58
20 33
3 57
23 64
6 30
62 81
63 71
28 33
31 48
87 89
35 51
16 85
1 79
53 89
56 62
25 69
7 53
11 60
50 77
51 83
14 95
32 53
19 44
75 93
56 83
39 47
4 89
41 69
44 50
66 77
23 72
79 97
8 93
84 88
47 74
48 70
52 63
16 45
20 42
3 52
95 97
23 55
63 74
10 68
11 84
28 58
35 78
16 94
1 70
56 59
4 49
60 64
25 76
24 46
7 48
26 68
11 35
50 70
14 88
32 62
19 35
76 96
41 76
4 66
5 82
44 55
9 21
65 82
66 70
29 80
55 98
23 95
44 72
45 80
8 86
84 93
48 67
13 97
69 70
70 82
16 54
3 11
25 36
6 16
62 99
28 63
11 91
48 52
88 89
16 91
1 93
21 24
4 58
78 99
24 43
7 39
26 69
11 46
14 81
19 30
75 79
76 85
39 89
4 71
5 89
41 51
44 48
9 28
29 71
15 18
22 98
80 97
27 29
45 71
47 92
13 32
70 91
17 91
16 51
57 66
38 98
25 43
6 9
10 78
28 56
48 57
35 96
36 88
1 84
53 54
21 31
60 78
24 36
7 26
26 78
82 89
29 47
33 42
14 74
32 36
19 21
76 78
39 84
41 58
12 64
15 25
54 68
40 49
45 62
8 76
49 57
48 81
13 23
69 76
17 82
16 60
57 73
20 61
3 29
25 50
63 99
11 77
67 98
53 61
36 93
1 43
61 77
24 57
7 17
26 87
29 38
14 67
32 41
36 46
39 75
5 79
9 10
8 52
64 87
12 53
30 67
54 77
37 53
55 75
40 42
23 100
45 53
8 65
49 64
48 90
70 77
17 73
18 95
20 70
3 24
42 81
25 57
35 82
53 60
1 34
57 63
92 97
21 45
60 92
61 76
26 96
7 12
83 89
29 61
33 40
5 54
8 41
64 96
29 84
12 46
30 92
91 92
54 86
55 78
45 52
10 24
49 55
17 80
18 88
57 87
20 75
21 69
42 90
25 64
6 100
10 97
1 57
4 22
61 67
24 79
26 33
46 94
29 60
33 63
75 99
41 47
5 61
9 56
64 69
49 95
12 35
30 85
17 56
73 85
54 95
37 59
2 73
10 25
28 99
17 71
18 73
57 94
20 84
21 68
43 81
67 75
14 29
35 100
1 64
93 97
21 51
4 27
97 100
61 90
26 42
46 87
29 51
33 54
51 100
15 70
54 55
22 30
40 72
9 63
64 78
12 92
30 46
34 43
17 47
73 92
74 84
55 96
2 66
42 59
79 82
13 59
53 98
16 32
18 66
20 89
21 75
77 96
42 76
43 92
46 63
11 97
67 70
50 60
68 82
24 93
9 87
26 51
46 80
85 95
33 77
15 77
22 39
5 35
96 100
8 24
64 75
12 81
30 39
34 36
17 38
74 85
2 91
3 73
79 89
27 67
18 59
20 98
21 82
77 87
42 77
43 67
67 93
50 61
68 87
14 15
36 98
1 14
56 99
4 9
26 60
9 94
46 73
15 88
71 81
54 57
72 99
2 35
58 62
22 48
5 42
8 13
49 68
12 74
30 64
34 37
73 74
37 88
2 84
6 55
80 84
27 78
10 52
28 74
13 41
18 52
38 49
21 89
77 78
78 90
25 28
6 72
7 96
46 49
50 54
31 82
68 96
1 5
24 83
26 61
46 66
29 32
86 91
33 91
34 77
15 95
71 76
72 92
2 60
58 71
39 97
22 41
5 17
81 98
27 38
12 79
13 81
34 62
37 95
2 85
3 91
42 46
6 64
80 89
10 53
28 79
13 40
38 58
78 83
43 53
6 65
7 87
31 89
1 28
86 100
33 82
34 70
15 34
90 97
72 81
19 93
2 61
58 80
59 72
22 50
5 32
81 89
12 72
13 80
30 50
34 55
74 80
55 60
38 82
3 86
62 76
27 96
10 62
28 72
31 49
52 78
35 48
18 46
53 70
6 74
7 74
68 78
14 58
1 19
24 97
51 63
34 95
19 88
58 81
59 79
22 59
5 7
81 96
27 56
47 51
13 71
38 91
3 45
62 69
63 83
31 60
53 77
38 44
7 65
50 89
31 75
32 89
56 71
39 59
41 81
51 58
34 88
15 52
91 97
2 15
58 90
22 68
5 14
44 91
27 63
69 99
37 76
20 22
3 40
38 68
23 35
6 43
98 100
63 86
10 48
28 86
52 92
53 76
16 66
18 32
7 60
11 55
50 82
14 44
32 66
19 55
56 96
39 62
41 88
9 97
65 78
15 59
2 8
59 81
22 77
23 75
44 84
27 58
47 61
3 63
23 38
6 20
62 87
63 93
10 81
28 43
53 83
16 79
24 31
7 51
11 50
50 75
51 89
14 37
32 79
19 50
75 83
56 85
41 95
4 83
44 60
66 75
12 19
34 98
15 62
19 65
2 25
59 92
22 86
23 78
44 73
45 91
47 72
69 81
52 57
16 39
23 61
6 29
63 72
10 90
28 36
31 45
35 52
16 88
1 80
53 90
56 61
25 70
11 57
50 68
51 84
14 94
36 49
19 41
76 90
39 48
4 92
44 49
65 92
23 69
44 66
8 96
84 87
47 79
48 69
69 96
16 48
20 41
3 49
95 98
23 56
28 57
48 54
35 75
16 93
1 71
4 52
60 63
25 77
24 45
7 45
26 67
14 87
32 61
36 58
19 36
76 95
5 83
65 83
29 73
15 16
40 62
44 71
8 85
84 96
47 82
48 78
13 98
69 71
70 81
16 53
20 50
3 12
25 37
6 15
10 76
28 50
88 92
35 70
78 98
25 84
24 38
7 40
26 76
11 43
14 80
36 63
19 27
75 80
76 88
41 52
4 74
5 90
44 47
9 29
66 94
29 72
12 58
2 100
40 59
23 87
80 100
27 30
45 72
48 75
13 25
70 90
17 92
16 62
18 100
25 44
28 55
11 67
48 60
87 99
35 93
36 87
53 55
21 32
26 77
7 31
82 96
29 48
33 43
14 73
32 35
19 22
76 77
39 81
4 79
5 65
41 59
8 54
12 63
30 73
15 26
40 52
45 63
8 75
48 84
13 24
89 97
57 74
20 64
3 30
11 78
35 88
53 62
1 44
21 39
60 70
61 78
26 86
7 18
83 95
29 39
33 34
14 66
32 44
36 45
40 92
5 80
8 51
64 82
17 59
37 54
55 76
40 41
23 97
8 68
48 89
13 15
17 74
18 94
57 81
42 88
25 58
57 64
21 46
60 91
24 49
7 9
26 95
46 100
29 62
83 90
33 57
39 67
9 50
8 44
64 95
49 89
12 45
30 91
17 50
54 85
37 61
55 67
10 23
49 56
17 65
18 87
57 88
21 70
42 89
43 87
6 99
28 30
68 99
1 58
21 53
61 68
24 74
26 40
46 93
29 53
33 64
75 100
39 70
40 74
5 62
41 48
9 57
8 33
64 72
49 96
12 38
30 84
17 41
73 86
37 60
2 80
55 70
79 80
10 32
13 61
17 72
18 80
20 83
42 66
43 82
67 76
14 28
35 97
1 49
21 52
61 91
24 71
9 81
46 86
29 52
100 1645
38 62
35 49
64 89
42 86
4 21
32 86
57 100
14 66
37 64
93 96
29 85
55 92
24 77
43 67
22 82
2 60
10 25
7 19
40 92
70 77
11 24
22 75
35 59
51 83
21 88
2 32
20 100
16 89
60 63
2 64
22 39
41 95
20 96
27 79
10 67
40 95
43 70
14 35
68 90
33 42
21 86
4 63
64 100
37 39
26 38
80 97
41 82
25 96
9 75
20 60
10 42
12 40
47 70
23 45
75 93
85 90
59 66
63 88
61 94
39 67
30 97
40 96
88 95
60 75
15 40
70 100
5 52
23 26
20 93
28 89
21 100
32 53
16 33
64 96
42 55
40 42
2 70
52 63
23 35
5 92
7 52
61 81
16 96
7 15
22 37
94 97
44 55
12 24
29 56
37 70
52 57
23 69
2 93
5 50
80 85
24 75
16 86
7 12
45 66
25 55
3 49
9 100
38 79
19 92
1 56
24 70
52 67
47 92
21 24
68 80
46 81
16 60
7 95
8 45
8 49
15 33
2 55
9 47
21 44
62 79
3 56
37 52
5 67
81 98
5 7
25 57
55 89
28 64
12 33
11 37
9 86
41 44
56 90
50 52
15 20
5 37
47 57
7 63
2 95
61 97
46 61
11 67
76 99
59 84
9 15
44 88
15 25
5 40
22 47
84 87
29 81
16 28
3 66
2 12
28 39
46 98
33 64
11 57
68 84
44 86
8 69
63 75
49 94
5 100
37 47
53 96
27 87
41 92
50 57
26 85
27 61
63 77
1 3
25 67
4 92
11 63
44 60
66 69
20 22
19 44
90 94
24 37
33 53
30 87
7 28
53 70
5 77
43 100
1 59
2 67
4 22
16 43
79 84
89 93
12 25
19 33
32 42
13 58
14 94
33 47
53 67
62 87
2 24
75 88
77 95
43 47
1 34
4 57
31 73
20 89
15 19
32 96
54 78
34 62
37 53
38 98
8 27
4 77
43 86
28 33
10 89
42 57
19 86
12 32
34 66
14 90
22 53
41 42
29 30
75 86
27 38
43 88
10 92
62 98
22 92
61 84
26 35
63 89
61 90
42 95
21 67
32 95
2 100
14 49
20 64
41 96
15 96
29 80
27 81
28 77
4 43
37 82
57 60
10 22
16 19
52 70
11 28
35 45
12 21
32 82
25 100
7 16
63 82
64 93
25 39
12 41
48 58
37 96
27 97
22 60
10 57
40 86
56 61
70 96
35 69
66 90
11 42
65 73
63 95
63 64
2 39
26 68
54 91
90 97
41 60
28 43
9 50
37 60
10 21
40 60
5 70
23 46
50 93
62 90
3 59
12 63
39 93
97 98
10 96
86 88
24 60
4 40
39 70
47 52
23 49
12 93
50 89
21 39
32 70
16 21
20 37
63 96
86 95
11 55
11 40
56 79
57 70
52 64
67 93
28 42
52 89
16 41
7 93
29 97
9 55
9 42
56 94
22 70
2 52
14 23
8 80
92 95
59 61
16 88
7 88
61 66
45 68
20 55
49 66
9 63
3 79
19 50
56 81
28 70
25 52
47 50
21 28
38 80
45 81
16 82
7 41
45 59
8 26
33 93
55 57
9 10
42 44
79 85
56 66
20 52
4 5
14 61
30 81
50 75
7 47
22 57
7 55
24 64
33 88
11 88
84 90
9 95
29 79
8 56
28 52
15 37
5 20
47 60
69 87
7 64
2 86
50 67
11 93
8 84
9 82
12 44
32 92
63 92
15 24
25 47
34 87
81 94
21 77
67 92
26 46
33 39
66 84
15 44
69 85
19 40
30 98
30 94
5 63
40 47
5 53
28 57
49 85
77 100
1 38
67 95
46 80
11 100
44 82
3 69
20 25
9 19
45 94
37 75
11 53
87 98
7 24
52 53
61 85
40 77
43 63
1 8
57 67
4 86
38 61
7 43
84 94
15 89
12 22
19 21
21 32
34 80
21 47
4 53
46 87
2 28
27 45
77 86
10 43
1 69
2 4
37 89
42 93
4 19
9 32
34 85
20 53
28 92
3 98
41 100
92 96
86 92
27 59
60 77
43 95
10 75
24 33
44 89
2 42
19 88
71 74
32 88
34 68
14 80
28 53
21 41
29 49
50 86
3 27
43 82
30 62
35 98
89 100
25 42
21 93
4 32
82 100
14 26
12 64
4 96
29 46
23 27
50 77
15 43
20 82
10 86
19 43
11 50
35 90
26 90
20 21
32 60
22 100
2 63
14 34
64 67
39 95
59 97
41 88
88 96
27 29
28 82
25 60
2 10
22 40
41 70
23 85
34 35
3 90
42 64
63 86
39 57
26 66
45 97
4 41
24 43
9 92
10 100
40 82
11 70
23 80
92 93
30 61
59 90
11 21
38 59
16 63
71 76
39 63
26 97
21 96
22 88
39 55
44 50
28 60
39 40
64 70
41 52
23 30
88 93
75 89
21 64
7 32
8 59
16 42
12 37
96 100
25 86
33 55
44 92
12 92
33 40
56 97
60 70
39 52
4 93
24 42
43 52
16 44
7 67
45 98
55 96
9 21
49 79
27 56
25 70
52 82
23 84
59 80
50 95
8 81
12 16
7 37
38 45
33 57
37 55
49 68
66 79
19 75
23 56
22 52
5 82
18 36
47 75
3 80
81 90
15 16
7 96
45 62
8 98
33 67
55 67
9 40
44 63
8 79
56 68
5 15
49 81
7 33
57 86
55 70
64 75
33 37
11 12
45 84
9 25
79 94
32 75
56 59
24 52
92 100
15 88
5 12
47 82
14 87
25 92
26 61
7 39
2 57
2 22
67 75
46 66
11 15
26 84
9 60
20 44
46 69
15 28
38 94
47 95
1 87
79 81
42 77
1 30
67 88
46 49
3 84
4 44
62 69
10 19
94 98
5 42
10 47
47 53
41 75
24 57
30 85
44 77
1 68
67 86
4 75
60 89
38 69
20 95
19 63
46 94
37 50
47 63
53 64
26 87
53 77
10 77
42 43
1 85
60 67
4 95
43 89
29 84
4 89
12 86
19 42
32 100
34 46
42 47
15 53
80 87
2 50
88 92
27 90
22 77
40 43
1 14
4 82
8 62
88 89
42 67
19 67
32 44
34 98
14 62
12 53
66 98
41 63
3 29
27 49
77 82
25 43
10 50
35 68
9 89
37 42
12 19
32 37
4 100
34 38
14 46
24 53
64 86
10 41
26 29
27 66
43 60
10 12
49 62
30 35
21 89
22 42
2 21
15 32
60 100
14 98
64 88
60 96
29 45
24 55
27 35
75 77
12 82
10 95
19 77
24 40
11 75
35 80
49 90
21 37
86 100
57 63
34 69
4 64
39 86
8 97
37 41
12 96
27 94
24 82
60 95
10 82
25 40
44 70
23 62
35 84
39 42
30 59
22 63
39 60
3 26
66 97
15 41
43 75
20 50
10 63
2 40
33 70
23 38
89 92
8 90
21 33
59 68
16 100
39 100
49 97
42 96
25 88
55 64
44 75
20 92
40 64
15 70
52 96
23 98
86 93
6 91
32 89
16 40
37 88
22 86
47 55
34 56
70 82
33 52
15 93
42 75
16 52
9 16
7 57
30 45
79 97
41 55
49 98
9 33
26 79
56 87
70 95
52 60
23 34
3 68
49 80
75 95
59 81
16 20
7 20
45 80
8 68
2 33
55 88
38 49
9 44
45 79
19 24
56 98
52 86
5 60
24 47
66 80
3 81
4 16
7 9
12 57
45 85
64 92
8 30
29 61
25 33
55 93
9 37
44 100
59 79
38 56
75 100
15 60
5 86
25 75
26 81
7 11
57 95
53 55
50 64
16 77
20 33
11 95
46 84
9 22
40 44
14 79
32 50
56 62
12 15
5 88
15 47
87 94
16 92
2 25
62 85
39 92
1 61
24 67
3 46
4 11
49 84
9 57
37 44
69 80
30 66
15 50
68 94
47 86
35 87
81 97
38 85
11 77
1 98
12 67
46 59
11 33
44 67
30 69
20 88
19 47
85 94
5 21
10 53
66 87
22 95
41 50
85 98
9 77
1 46
15 67
4 50
82 89
68 69
20 86
19 100
80 94
37 92
47 100
39 53
49 87
43 53
20 77
21 43
1 62
67 82
4 12
69 84
89 95
12 95
2 19
32 63
34 45
53 82
87 90
24 96
2 75
27 80
25 77
9 43
1 94
4 60
33 92
59 62
12 89
61 79
4 42
19 93
10 32
30 34
14 85
53 88
41 64
29 66
26 27
2 77
22 43
24 28
1 35
60 82
10 28
3 62
35 38
89 96
20 42
19 20
20 32
15 100
14 68
53 75
64 95
40 41
8 29
43 57
82 86
10 88
26 62
23 61
22 24
35 62
42 89
21 57
32 93
12 100
14 30
64 82
25 41
82 96
29 90
28 55
1 27
82 88
4 10
19 52
28 40
70 89
35 46
30 90
21 22
95 100
63 67
29 34
15 64
39 88
26 49
85 97
20 41
95 96
14 27
43 92
38 68
75 82
60 86
10 60
20 40
9 70
23 59
35 79
45 90
42 100
59 98
25 63
39 82
3 97
41 93
43 50
20 75
10 64
40 57
21 70
23 68
16 39
11 96
55 63
24 44
10 40
40 63
4 70
9 52
93 95
32 43
10 16
34 61
37 86
45 61
7 89
5 55
12 75
56 84
70 88
11 52
82 93
5 28
42 50
32 55
16 22
2 7
17 51
45 49
55 95
30 49
9 11
79 98
70 86
4 52
23 97
66 68
26 80
61 87
24 95
62 81
16 37
7 25
45 46
8 38
33 82
12 55
9 41
79 90
19 28
30 56
52 95
5 57
28 47
66 81
16 67
7 44
57 88
22 33
15 55
9 20
39 44
56 80
52 92
50 100
15 82
5 95
25 50
35 81
7 42
55 77
43 77
11 86
80 84
9 93
10 44
69 79
28 32
56 85
15 95
4 47
29 87
16 50
6 13
2 20
59 85
39 50
28 67
38 46
11 60
72 78
30 84
2 9
22 44
69 90
24 63
3 30
15 75
66 94
47 88
9 53
23 87
34 81
68 85
33 77
8 61
1 26
20 67
3 61
8 46
44 93
69 98
12 20
5 19
62 94
5 33
40 53
3 87
25 95
28 41
77 96
1 80
4 67
4 28
2 89
19 39
39 47
53 100
59 87
22 25
7 92
2 92
24 88
16 53
37 77
33 43
1 97
4 88
14 84
86 89
19 57
32 64
34 90
53 60
45 87
28 96
27 46
67 77
43 44
1 29
47 89
15 42
19 22
32 40
34 49
8 14
53 86
39 41
29 68
27 98
57 77
37 43
28 75
57 82
10 24
19 55
62 66
3 35
41 89
12 42
19 37
25 32
93 100
14 38
50 53
25 64
5 41
29 59
2 43
82 95
10 37
22 28
35 85
11 89
21 60
32 67
88 100
34 79
60 64
22 41
2 96
14 29
50 55
27 34
77 92
82 92
10 15
19 70
40 50
7 70
11 92
61 62
29 35
61 68
90 98
21 25
63 93
34 94
12 39
26 30
62 97
41 57
86 96
27 69
9 28
38 66
50 82
60 88
10 33
37 40
40 70
8 23
28 93
35 97
46 90
42 63
26 59
20 63
15 39
38 97
41 67
47 96
60 92
61 69
10 39
40 67
20 24
42 70
10 52
23 66
32 52
16 64
33 96
55 100
28 44
40 100
67 70
44 52
23 81
25 93
16 32
16 47
37 95
69 97
40 55
12 50
14 56
12 70
42 52
23 94
60 93
5 24
42 92
52 77
16 25
7 82
26 45
55 86
9 64
30 79
36 48
50 70
15 52
23 79
21 50
80 98
28 95
81 85
2 16
7 22
65 72
3 8
33 60
55 60
9 96
11 44
79 80
49 56
70 92
12 52
2 5
21 92
61 80
68 81
16 93
7 10
61 98
75 92
37 57
16 55
33 86
4 55
9 12
44 64
46 56
28 100
2 15
5 25
25 28
1 81
7 21
52 55
77 89
11 22
84 85
9 67
44 47
24 32
15 86
5 47
47 67
87 97
14 81
16 75
2 37
8 85
39 75
46 68
33 100
11 82
84 98
25 44
45 69
28 63
30 38
3 94
5 64
12 47
44 53
81 87
81 84
18 19
66 85
39 77
1 49
37 67
17 74
46 85
11 39
2 44
26 69
19 96
59 94
5 11
42 53
38 87
7 75
24 41
57 92
41 77
43 64
1 90
4 24
34 84
57 89
19 64
32 33
29 94
47 64
53 63
8 87
28 88
7 53
77 88
11 43
1 79
4 37
22 89
12 88
19 60
32 39
8 34
53 57
50 96
27 62
77 93
41 43
49 61
4 15
33 75
5 89
42 82
19 25
5 32
26 34
14 59
53 95
33 41
29 38
28 86
27 30
28 50
20 43
2 82
19 32
62 68
35 66
39 89
42 88
15 21
22 32
67 100
3 14
53 92
22 64
41 47
67 96
29 62
43 93
25 82
10 20
19 89
22 50
50 92
8 35
33 89
21 82
32 57
37 100
34 97
57 64
41 86
57 96
29 69
55 75
27 84
10 93
19 53
40 75
16 70
35 94
38 90
21 42
21 95
15 63
39 64
20 39
26 98
46 97
2 41
22 96
9 24
3 38
12 60
10 11
40 88
10 70
23 90
24 93
80 90
49 59
37 63
4 39
68 97
5 96
50 60
20 28
40 93
63 70
40 52
3 23
37 93
24 89
21 63
32 77
11 16
39 96
21 55
21 40
70 93
52 100
1 23
22 93
5 16
4 7
25 37
14 97
10 55
12 28
56 69
20 70
21 52
23 29
57 93
5 75
62 80
24 50
16 95
7 60
3 45
22 55
9 39
68 79
35 56
70 75
52 93
21 75
30 80
24 92
80 81
16 57
7 86
8 66
4 33
55 82
5 9
33 44
46 79
26 56
52 88
5 93
38 81
7 40
20 57
43 55
33 95
11 20
9 88
44 96
45 56
52 75
24 100
15 57
5 22
2 47
24 25
7 100
7 77
11 25
62 84
4 9
5 44
14 69
15 22
5 10
47 93
79 87
69 81
16 24
2 88
24 39
30 46
33 63
2 11
38 84
44 95
59 69
50 63
30 68
15 92
26 94
5 39
20 47
41 53
57 75
3 85
64 77
1 66
22 67
46 62
11 64
44 57
49 69
19 41
8 94
28 37
21 53
68 87
7 50
47 77
39 43
1 45
4 25
61 83
84 97
67 89
11 19
11 32
31 99
69 94
11 47
53 93
85 87
50 88
53 89
12 77
5 43
1 84
4 20
25 89
19 82
32 41
34 59
2 53
68 98
75 96
27 85
15 77
43 96
33 50
35 61
40 89
42 60
19 95
32 47
63 100
3 34
14 45
25 53
11 41
29 98
24 86
27 68
12 43
100 390
10 55
9 88
73 84
23 99
50 60
57 59
4 83
87 89
13 47
51 58
36 47
20 97
5 88
19 93
44 97
15 46
46 63
5 80
19 24
72 92
6 55
18 90
24 70
12 49
30 45
27 79
26 32
42 77
29 67
6 93
40 67
19 88
23 76
30 87
7 95
39 91
81 85
39 100
25 98
48 83
15 54
40 100
67 82
28 57
29 32
53 78
8 47
7 31
37 96
23 86
91 98
78 92
22 70
38 50
30 39
4 95
52 65
2 64
8 33
60 79
10 21
3 21
33 37
37 44
71 97
2 13
5 9
68 84
8 56
13 36
16 58
3 7
41 58
20 96
5 6
51 69
2 75
55 88
80 88
19 70
37 73
18 49
22 42
26 82
9 32
11 42
6 10
29 40
47 85
23 60
36 68
14 41
17 97
23 59
87 98
38 76
7 48
25 30
83 95
39 40
12 99
15 57
51 94
51 90
17 96
41 69
35 82
47 75
4 77
63 78
21 70
52 63
23 50
1 59
4 64
45 52
65 89
64 81
33 44
54 76
48 77
17 44
38 59
68 73
14 90
45 91
22 74
20 56
18 62
62 86
16 69
3 95
66 85
25 67
6 88
34 92
22 24
65 72
65 87
2 81
14 62
45 89
33 73
1 54
32 82
3 11
16 61
58 90
15 34
28 78
13 85
38 60
36 73
27 41
86 99
28 92
30 98
48 95
1 34
58 61
16 94
56 96
43 96
29 82
80 82
36 75
23 54
9 35
76 99
63 89
53 59
4 81
2 83
18 86
42 74
3 31
5 93
43 44
43 71
46 72
80 93
63 92
52 87
6 24
56 68
27 90
14 49
20 73
55 70
39 45
18 27
26 67
18 79
12 62
66 75
5 35
24 93
14 69
84 85
9 80
36 84
52 92
87 91
7 77
63 72
13 81
98 100
48 64
53 54
12 50
26 100
1 57
35 67
15 53
15 78
69 94
28 34
17 37
60 86
50 99
91 100
1 38
79 86
10 74
11 21
7 11
31 42
9 29
22 55
8 37
89 91
21 74
13 75
16 51
3 77
58 69
5 82
68 75
47 84
5 19
41 51
25 32
88 93
2 47
46 52
19 80
6 19
6 70
72 89
24 55
56 73
12 27
48 66
26 98
26 29
7 42
32 67
26 40
75 85
60 76
8 36
17 43
23 38
39 87
59 76
28 72
4 7
30 91
39 98
40 98
48 81
12 86
25 100
28 53
58 94
47 68
14 51
31 77
17 71
46 78
10 70
63 65
52 89
45 65
83 85
64 66
8 73
50 79
10 11
21 31
33 56
31 74
20 37
2 85
64 77
1 76
9 93
8 84
8 68
21 22
37 56
62 99
20 44
13 84
16 41
3 4
2 66
17 20
25 26
49 69
19 55
52 72
65 91
49 62
11 22
12 79
11 31
32 40
59 60
33 36
41 90
28 46
38 57
25 39
34 57
51 61
96 97
29 35
9 82
75 84
35 80
55 74
77 95
72 78
70 74
45 63
50 76
54 59
4 48
66 83
64 83
30 89
20 33
11 74
25 40
43 97
44 96
46 92
33 68
49 90
14 27
45 87
27 62
44 56
12 18
62 79
13 66
35 93
69 90
24 88
34 46
10 24
65 92
66 81
14 18
27 49
54 57
67 100
1 53
32 35
34 53
61 94
15 28
34 78
31 95
41 49
50 86
60 99
38 54
30 100
64 95
81 83
1 15
21 42
10 22
79 99
53 57
3 42
71 96
29 80
100 1190
85 89
82 89
27 89
86 89
58 89
89 93
34 89
23 89
26 89
2 89
36 89
89 96
57 89
68 89
89 91
89 97
1 89
53 89
7 89
84 89
45 70
45 85
45 82
27 45
45 86
45 58
45 93
34 45
45 76
45 52
45 66
45 83
45 56
24 45
26 45
17 45
45 80
45 46
15 45
29 45
6 45
45 95
3 85
3 82
3 27
3 86
3 58
3 93
3 34
3 72
3 4
3 62
3 16
3 23
3 56
3 100
3 88
3 15
3 22
3 68
1 3
3 42
3 12
3 40
3 53
3 77
3 8
3 9
3 32
50 70
70 85
70 82
27 70
70 86
58 70
70 93
34 70
61 70
33 70
20 70
62 70
66 70
70 79
48 70
70 80
46 70
28 70
70 77
41 85
41 82
27 41
41 86
41 58
41 93
34 41
41 81
41 66
16 41
39 41
17 41
21 41
41 44
41 49
41 68
41 97
41 42
41 77
9 41
41 63
50 85
50 82
27 50
50 86
50 58
50 93
34 50
23 50
39 50
35 50
46 50
22 50
50 96
50 69
19 50
50 53
85 92
82 92
27 92
86 92
58 92
92 93
34 92
33 92
4 92
75 92
83 92
48 92
17 92
38 92
21 92
22 92
92 96
68 92
91 92
47 92
53 92
43 92
74 85
76 85
61 85
33 85
72 85
20 85
30 85
10 85
79 85
21 85
44 85
85 98
54 85
29 85
68 85
85 97
8 85
43 85
63 85
74 82
76 82
61 82
33 82
72 82
20 82
30 82
11 82
52 82
67 82
18 82
48 82
82 87
80 82
82 99
59 82
68 82
13 82
69 82
47 82
5 82
27 86
27 74
27 76
27 61
27 33
27 72
20 27
27 30
27 37
27 83
27 39
25 27
27 65
6 27
27 47
5 27
58 86
74 86
76 86
61 86
33 86
72 86
20 86
30 86
62 86
16 86
55 86
86 90
86 99
86 88
15 86
44 86
86 91
1 86
42 86
77 86
8 86
58 74
58 76
58 61
33 58
58 72
20 58
30 58
4 58
58 67
25 58
58 87
2 58
58 59
58 98
49 58
13 58
19 58
32 58
43 58
5 58
58 63
74 93
76 93
61 93
33 93
72 93
20 93
30 93
62 93
81 93
66 93
24 93
39 93
79 93
35 93
22 93
60 93
68 93
13 93
93 97
1 93
42 93
19 93
64 93
8 93
32 93
5 93
34 74
34 76
34 61
33 34
34 72
20 34
30 34
4 34
34 71
34 37
34 52
34 66
21 34
34 80
34 99
34 88
28 34
34 97
19 34
32 34
34 43
61 74
10 74
4 74
71 74
11 74
14 74
62 74
74 81
56 74
18 74
39 74
36 74
60 74
74 91
28 74
6 74
1 74
47 74
42 74
64 74
7 74
10 76
4 76
71 76
11 76
14 76
62 76
76 81
37 76
76 78
76 79
26 76
76 90
76 88
76 98
57 76
29 76
13 76
42 76
8 76
76 94
10 61
4 61
61 71
11 61
14 61
61 62
61 81
37 61
52 61
18 61
61 96
61 68
61 97
42 61
19 61
61 77
61 84
20 33
30 33
10 33
4 33
33 71
11 33
14 33
33 62
33 81
33 56
25 33
33 87
2 33
21 33
33 96
6 33
33 53
8 33
20 72
10 72
4 72
71 72
11 72
14 72
62 72
72 81
72 83
72 90
17 72
72 88
44 72
69 72
51 72
10 20
4 20
20 71
11 20
14 20
20 62
20 81
20 75
20 67
20 83
20 56
20 100
20 88
15 20
20 98
6 20
20 53
8 20
20 84
10 30
4 30
30 71
11 30
14 30
30 62
30 81
30 75
30 78
2 30
17 30
30 49
22 30
30 60
30 42
30 53
8 30
30 51
10 75
10 37
10 52
10 67
10 66
10 16
10 23
10 24
10 35
10 21
10 80
10 15
10 44
10 98
10 49
1 10
10 12
8 10
7 10
10 84
4 11
4 62
4 75
4 37
4 52
4 67
4 66
4 16
4 23
4 78
4 35
4 25
4 17
4 36
4 91
1 4
4 8
4 9
71 75
37 71
52 71
67 71
66 71
16 71
23 71
55 71
48 71
25 71
60 71
54 71
40 71
8 71
5 71
11 75
11 37
11 52
11 67
11 66
11 16
11 23
11 73
11 38
11 65
11 13
11 53
11 77
7 11
11 32
11 94
5 11
14 75
14 37
14 52
14 67
14 66
14 16
14 23
14 39
14 73
14 46
14 44
14 57
14 91
62 75
37 62
52 62
62 67
62 66
16 62
23 62
31 62
35 62
62 87
62 65
44 62
29 62
62 91
12 62
53 62
75 81
37 81
52 81
67 81
66 81
16 81
23 81
55 81
18 81
39 81
81 90
81 100
49 81
22 81
68 81
28 81
6 81
19 81
51 81
9 81
81 84
66 75
75 78
75 83
56 75
24 75
31 75
55 75
18 75
75 98
36 75
6 75
40 75
53 75
7 75
75 84
43 75
5 75
37 78
37 83
37 56
24 37
31 37
37 55
18 37
35 37
37 90
37 38
37 88
37 60
8 37
37 43
52 78
52 83
52 56
24 52
31 52
52 55
18 52
48 52
52 90
52 80
46 52
44 52
52 59
6 52
52 95
52 64
52 53
52 94
16 67
23 67
67 78
67 83
56 67
24 67
31 67
55 67
18 67
67 79
67 100
15 67
60 67
54 67
29 67
13 67
28 67
64 67
66 78
66 83
56 66
24 66
31 66
55 66
18 66
66 87
17 66
65 66
46 66
22 66
60 66
66 68
63 66
16 78
16 83
16 56
16 24
16 31
16 55
16 18
16 39
16 35
16 87
16 96
16 57
1 16
16 51
9 16
23 78
23 83
23 56
23 24
23 31
23 55
18 23
23 79
23 26
23 35
2 23
23 68
6 23
23 95
23 53
78 83
39 78
78 79
26 78
48 78
35 78
78 90
78 100
13 78
42 78
19 78
64 78
53 78
5 78
24 83
39 83
79 83
26 83
48 83
35 83
83 90
83 100
83 99
65 83
22 83
1 83
42 83
51 83
83 94
5 83
24 56
31 56
39 56
56 79
26 56
48 56
35 56
56 90
56 100
17 56
38 56
56 99
44 56
56 59
56 98
49 56
56 69
47 56
19 56
5 56
56 63
24 39
24 79
24 26
24 48
24 35
24 90
24 100
24 88
24 60
24 91
6 24
24 69
24 95
7 24
9 24
24 32
24 84
31 39
31 79
26 31
31 48
31 35
31 90
31 100
31 87
21 31
31 49
22 31
31 60
31 95
12 31
7 31
31 51
31 32
31 84
5 31
39 55
55 79
26 55
48 55
35 55
55 90
55 100
2 55
55 80
15 55
55 96
28 55
12 55
55 84
55 94
18 39
18 79
18 26
18 48
18 35
18 90
18 100
17 18
18 47
18 77
39 90
25 39
39 87
2 39
17 39
39 73
38 39
21 39
39 98
36 39
39 68
39 47
39 42
25 79
79 87
2 79
17 79
73 79
38 79
21 79
46 79
54 79
13 79
28 79
53 79
25 26
26 87
2 26
17 26
26 73
26 38
21 26
26 99
26 65
15 26
26 59
26 68
13 26
26 97
26 42
19 26
7 26
25 48
48 87
2 48
17 48
48 73
38 48
21 48
48 59
48 96
48 68
48 95
48 64
8 48
25 35
35 87
2 35
17 35
35 73
35 38
21 35
35 96
35 54
12 35
8 35
35 84
35 43
35 94
5 35
25 90
87 90
2 90
17 90
73 90
38 90
21 90
15 90
44 90
36 90
90 96
54 90
29 90
28 90
1 90
90 95
25 100
87 100
2 100
17 100
73 100
38 100
21 100
80 100
44 100
59 100
98 100
54 100
25 38
25 80
25 99
25 65
25 46
25 88
15 25
25 44
25 59
25 57
25 29
12 25
25 53
9 25
25 43
25 94
25 63
80 87
87 99
65 87
46 87
87 88
15 87
44 87
1 87
64 87
8 87
7 87
84 87
2 73
2 80
2 99
2 65
2 46
2 88
2 15
2 44
2 59
2 98
2 28
2 40
2 94
17 73
17 80
17 99
17 65
17 46
17 88
15 17
17 44
17 57
17 69
17 47
7 17
17 94
21 73
73 80
73 99
65 73
46 73
73 88
15 73
44 73
54 73
68 73
73 95
40 73
19 73
51 73
63 73
38 80
38 99
38 65
38 46
38 88
15 38
38 44
38 91
38 40
32 38
38 94
5 38
38 63
21 80
21 99
21 65
21 46
21 88
15 21
21 44
21 68
1 21
21 64
8 21
21 32
21 94
65 80
59 80
80 98
49 80
22 80
36 80
60 80
80 96
54 80
6 80
69 80
80 95
53 80
9 80
46 99
15 99
59 99
98 99
49 99
22 99
36 99
60 99
96 99
29 99
68 99
13 99
42 99
53 99
77 99
32 99
46 65
15 65
59 65
65 98
49 65
22 65
36 65
60 65
65 96
65 95
12 65
9 65
5 65
46 59
46 98
46 49
22 46
36 46
46 60
46 96
42 46
46 77
46 51
59 88
88 98
49 88
22 88
36 88
60 88
88 96
54 88
28 88
8 88
15 44
15 59
15 98
15 49
15 22
15 36
15 60
15 96
15 28
15 95
15 40
15 43
44 59
44 98
44 49
22 44
36 44
44 60
44 96
44 95
12 44
44 64
44 51
44 84
43 44
22 59
57 59
54 59
29 59
59 68
13 59
59 91
28 59
22 98
60 98
57 98
54 98
29 98
68 98
13 98
91 98
28 98
47 98
42 98
40 98
22 49
49 57
49 54
29 49
49 68
13 49
49 91
28 49
22 57
22 54
22 29
22 68
13 22
22 91
22 28
22 51
22 63
36 57
36 54
29 36
36 68
13 36
36 91
28 36
6 36
36 51
57 60
54 60
29 60
60 68
13 60
60 91
28 60
60 69
1 60
12 60
7 60
51 60
60 63
57 96
54 96
29 96
68 96
13 96
91 96
28 96
63 96
54 57
42 57
12 57
54 91
51 54
54 94
5 54
29 91
28 29
29 97
29 53
29 77
9 29
29 32
47 68
12 68
40 68
64 68
8 68
13 47
13 63
91 95
43 91
28 47
28 40
19 28
8 28
28 51
1 6
6 47
6 12
6 77
6 84
6 63
1 69
42 69
69 95
64 69
40 97
19 97
51 97
9 97
1 19
1 84
1 94
19 47
47 77
47 84
32 42
42 84
77 95
9 95
84 95
94 95
7 12
19 40
7 40
40 94
8 19
19 94
19 63
53 64
32 64
32 53
5 53
77 94
7 9
7 84
9 51
51 84
51 94
9 84
9 43
9 94
5 32
43 63
63 94
100 1032
70 79
52 70
15 70
25 70
27 70
22 70
70 73
50 70
18 70
31 70
11 70
70 100
70 96
45 70
70 84
17 70
26 70
61 70
3 79
3 52
3 15
3 25
3 27
3 22
3 64
3 68
3 62
3 38
3 73
3 75
3 33
3 56
3 43
3 7
3 29
3 34
3 26
36 78
78 79
52 78
15 78
25 78
27 78
22 78
68 78
63 78
6 78
11 78
51 78
67 78
43 78
14 78
13 78
69 78
42 78
26 78
28 79
28 52
15 28
25 28
27 28
22 28
28 46
28 80
28 88
28 87
28 97
28 66
28 90
11 28
28 83
28 86
36 98
79 98
52 98
15 98
25 98
27 98
22 98
53 98
80 98
65 98
6 98
85 98
40 98
7 98
13 98
84 98
48 98
36 79
36 52
15 36
25 36
27 36
22 36
36 77
36 80
11 36
5 36
36 92
36 74
36 82
36 54
52 79
27 79
53 79
77 79
64 79
46 79
79 80
68 79
50 79
65 79
30 79
79 100
79 91
79 99
14 79
76 79
79 82
37 79
9 79
79 94
52 53
52 77
52 64
46 52
52 80
52 68
52 63
52 89
49 52
23 52
52 84
52 94
48 52
15 53
15 77
15 64
15 46
15 80
15 68
15 88
15 47
15 90
15 95
15 91
15 96
15 67
15 43
15 16
15 76
15 29
15 19
15 94
15 86
25 53
25 77
25 64
25 46
25 80
25 68
25 55
25 30
6 25
25 100
25 51
25 71
25 96
25 92
16 25
25 99
25 39
14 25
25 76
25 84
2 25
27 53
27 77
27 64
27 46
27 80
27 68
27 44
27 65
27 90
27 31
27 71
27 33
27 67
27 92
7 27
27 32
27 42
27 86
22 53
22 77
22 64
22 46
22 80
22 68
22 88
22 55
20 22
22 24
22 91
22 56
22 67
22 43
22 92
22 60
22 35
22 82
10 22
22 94
22 59
53 63
44 53
53 88
53 87
41 53
53 62
30 53
53 100
7 53
13 53
23 53
37 53
53 58
64 77
63 77
44 77
77 88
77 87
41 77
62 77
6 77
77 81
72 77
77 99
77 83
46 64
63 64
44 64
64 88
64 87
41 64
62 64
64 93
47 64
64 66
64 90
64 75
40 64
16 64
14 64
60 64
42 64
48 64
46 63
44 46
46 88
46 87
41 46
46 62
18 46
1 46
46 85
11 46
46 95
46 91
46 71
46 72
46 56
4 46
35 46
46 76
46 84
37 46
12 46
2 46
63 80
44 80
80 88
80 87
41 80
62 80
73 80
80 99
74 80
29 80
9 80
2 80
63 68
44 68
68 88
68 87
41 68
62 68
6 68
31 68
67 68
40 68
68 92
16 68
42 68
19 68
63 93
8 63
47 63
38 63
63 73
55 63
20 63
63 90
63 100
63 67
16 63
60 63
23 63
19 63
63 86
17 63
26 63
44 88
44 93
8 44
44 47
38 44
44 73
44 55
18 44
44 51
44 91
44 96
29 44
44 69
44 83
19 44
26 44
44 61
87 88
88 93
8 88
47 88
38 88
73 88
55 88
18 88
72 88
43 88
14 88
57 88
84 88
87 93
8 87
47 87
38 87
73 87
55 87
51 87
71 87
14 87
32 87
29 87
10 87
37 87
34 87
17 87
41 93
8 41
41 47
38 41
41 73
41 55
41 89
5 41
33 41
14 41
41 76
29 41
41 45
41 82
10 41
62 93
8 62
47 62
38 62
62 73
55 62
18 62
11 62
62 81
40 62
39 62
19 62
2 62
89 93
50 93
18 93
20 93
93 97
1 93
66 93
11 93
5 93
91 93
16 93
83 93
8 73
8 89
8 50
8 18
8 20
8 97
1 8
8 30
6 8
8 100
8 67
8 92
8 99
8 14
8 23
8 42
8 34
8 94
8 17
8 48
47 73
47 89
47 50
18 47
20 47
47 97
1 47
47 65
47 81
14 47
23 47
38 89
38 50
18 38
20 38
38 97
1 38
38 51
33 38
38 96
38 39
38 49
38 59
17 38
55 73
73 89
50 73
18 73
20 73
73 97
1 73
65 73
30 73
11 73
39 73
35 73
73 76
49 73
37 73
55 89
50 55
18 55
20 55
55 97
1 55
30 55
24 55
6 55
11 55
55 92
55 99
39 55
13 55
55 69
21 55
19 55
20 89
65 89
30 89
24 89
66 89
89 90
6 89
31 89
67 89
23 89
82 89
84 89
69 89
10 89
37 89
42 89
34 89
19 89
59 89
54 89
58 89
48 89
50 65
30 50
24 50
50 66
50 90
6 50
33 50
50 99
7 50
13 50
29 50
10 50
42 50
34 50
26 50
50 61
18 65
18 30
18 24
18 66
18 90
6 18
18 31
18 33
18 56
4 18
18 39
18 74
18 60
18 35
18 57
18 76
18 83
18 19
18 94
20 97
20 65
20 30
20 24
20 66
20 90
6 20
20 31
20 51
20 75
20 40
20 35
9 20
20 34
20 21
20 94
20 59
20 54
17 20
20 48
65 97
30 97
24 97
66 97
90 97
6 97
91 97
96 97
14 97
60 97
35 97
29 97
45 97
69 97
94 97
48 97
1 65
1 30
1 24
1 66
1 90
1 6
1 72
1 40
1 99
1 76
1 32
1 49
1 82
1 42
1 54
1 86
1 26
65 85
31 65
11 65
65 100
65 95
51 65
5 65
65 92
7 65
57 65
10 65
21 65
58 65
30 85
30 31
11 30
30 100
30 95
30 51
30 81
30 72
30 35
30 49
30 45
30 82
30 42
2 30
24 85
24 31
11 24
24 100
24 95
24 51
24 56
24 40
24 60
24 57
24 32
9 24
19 24
66 85
31 66
11 66
66 100
66 95
51 66
66 92
39 66
14 66
19 66
66 94
85 90
31 90
11 90
90 100
90 95
51 90
71 90
72 90
40 90
16 90
34 90
58 90
17 90
48 90
6 85
6 31
6 11
6 100
6 95
6 51
6 72
6 99
6 60
6 9
6 19
6 59
2 6
11 85
75 85
81 85
5 85
85 91
71 85
33 85
85 92
13 85
69 85
26 85
31 75
31 81
5 31
31 91
31 71
31 33
23 31
31 84
31 69
9 31
12 31
11 51
11 75
11 81
5 11
11 91
11 71
11 33
11 72
11 43
11 23
11 84
11 17
75 100
81 100
5 100
91 100
71 100
33 100
40 100
74 100
10 100
94 100
59 100
86 100
58 100
75 95
81 95
5 95
91 95
71 95
33 95
56 95
4 95
67 95
57 95
82 95
84 95
37 95
9 95
51 75
51 81
5 51
51 91
51 71
33 51
39 51
51 57
49 51
51 82
51 84
10 51
42 51
26 51
33 75
72 75
56 75
4 75
75 96
67 75
43 75
60 75
37 75
9 75
72 81
56 81
4 81
81 96
67 81
43 81
60 81
57 81
69 81
42 81
54 81
5 91
5 72
5 56
4 5
5 96
5 67
5 43
5 40
5 49
5 84
5 83
5 59
2 5
5 61
72 91
56 91
4 91
91 96
67 91
43 91
49 91
12 91
59 91
86 91
26 91
71 72
56 71
4 71
71 96
67 71
43 71
42 71
71 86
33 72
33 56
4 33
33 96
33 67
33 43
33 74
33 83
33 42
33 34
33 58
40 72
72 92
16 72
72 99
39 72
72 74
35 72
57 72
32 72
10 72
37 72
54 72
48 72
40 56
56 92
16 56
56 99
39 56
56 74
56 94
4 40
4 92
4 16
4 99
4 39
4 74
4 35
4 49
4 84
4 10
4 42
43 96
40 96
92 96
16 96
96 99
39 96
74 96
7 96
60 96
23 96
34 96
21 96
86 96
40 67
67 92
16 67
67 99
39 67
67 74
29 67
54 67
40 43
43 92
16 43
43 99
39 43
43 74
43 60
35 43
37 43
42 43
34 43
12 43
43 59
2 43
26 43
43 48
16 40
14 40
7 40
40 60
35 40
40 57
13 40
40 69
37 40
9 40
40 48
14 92
7 92
60 92
35 92
57 92
13 92
49 92
23 92
37 92
42 92
17 92
14 16
7 16
16 60
16 35
16 57
13 16
16 32
16 37
16 94
16 86
16 58
14 99
7 99
60 99
35 99
57 99
13 99
10 99
86 99
61 99
14 39
7 39
39 60
35 39
39 57
13 39
39 76
29 39
39 45
26 39
14 74
7 74
60 74
35 74
57 74
13 74
74 76
42 74
14 60
14 76
14 32
14 49
14 29
14 23
14 45
14 83
14 54
14 48
7 76
7 32
7 49
7 29
7 23
7 45
7 21
7 54
60 76
32 60
49 60
29 60
23 60
45 60
60 84
60 86
58 60
60 61
35 76
32 35
35 49
29 35
23 35
35 45
21 35
35 48
57 76
32 57
49 57
29 57
23 57
45 57
57 94
48 57
13 76
13 32
13 49
13 29
13 23
13 45
13 59
2 13
76 82
21 76
26 76
32 37
9 49
29 83
10 29
29 37
17 29
23 83
23 34
23 59
45 84
9 82
34 82
58 82
37 84
21 69
54 69
58 69
34 83
19 83
2 83
10 19
10 59
19 37
9 17
34 42
26 42
42 48
21 54
21 26
12 94
59 94
12 17
12 61
54 58
17 48
48 61
100 875
92 93
68 92
76 92
60 92
79 92
49 92
28 92
63 92
92 99
31 92
81 92
18 92
47 92
55 92
77 92
71 92
74 92
9 92
12 92
45 92
76 93
60 93
79 93
49 93
28 93
75 93
93 99
14 93
20 93
89 93
48 93
37 93
25 93
52 93
33 93
30 76
30 60
30 79
30 49
28 30
30 75
30 65
20 30
30 42
30 64
30 40
30 32
30 39
30 95
25 30
9 30
46 76
46 60
46 79
46 49
28 46
31 46
46 83
46 53
13 46
21 46
23 46
46 58
68 76
60 68
68 79
49 68
28 68
15 68
63 68
51 68
7 68
21 68
68 78
68 91
68 82
68 72
37 68
25 68
68 100
68 73
68 90
75 76
15 76
76 87
63 76
38 76
53 76
48 76
1 76
62 76
10 76
41 76
12 76
60 79
60 75
15 60
60 87
60 63
38 60
14 60
44 60
60 98
57 60
60 71
10 60
60 91
39 60
60 82
75 79
15 79
79 87
63 79
38 79
79 99
24 79
79 89
79 81
34 79
69 79
33 79
49 75
15 49
49 87
49 63
38 49
49 86
49 84
31 49
49 98
47 49
49 61
8 49
27 49
5 49
49 88
22 49
49 52
12 49
45 49
28 75
15 28
28 87
28 63
28 38
28 89
13 28
18 28
28 78
28 32
15 75
75 87
75 99
65 75
75 86
54 75
51 75
56 75
48 75
10 75
34 75
74 75
75 82
75 90
15 99
15 65
15 86
15 54
15 51
15 84
15 53
15 59
13 15
15 98
15 17
6 15
15 77
15 57
15 58
15 95
12 15
87 99
65 87
86 87
54 87
51 87
84 87
35 87
10 87
87 91
74 87
37 87
63 99
63 65
63 86
54 63
51 63
63 64
13 63
21 63
61 63
1 63
63 74
63 69
12 63
38 99
38 65
38 86
38 54
38 51
16 38
38 83
38 98
17 38
38 48
38 55
23 38
38 91
38 82
38 100
38 69
65 99
86 99
24 99
84 99
14 99
44 99
20 99
89 99
66 99
62 99
35 99
27 99
5 99
10 99
9 99
4 99
97 99
24 65
65 84
14 65
44 65
20 65
53 65
50 65
5 65
10 65
65 72
24 86
84 86
14 86
44 86
20 86
18 86
47 86
50 86
48 86
55 86
77 86
85 86
10 86
58 86
37 86
25 86
24 54
54 84
14 54
44 54
20 54
54 66
54 78
9 54
54 97
24 51
51 84
14 51
44 51
20 51
21 51
29 51
6 51
51 69
33 51
24 42
24 89
24 31
24 56
24 36
24 61
8 24
3 24
24 88
24 95
24 37
24 41
24 96
24 70
24 97
14 84
42 84
84 89
31 84
56 84
36 84
23 84
74 84
84 100
14 42
14 89
14 31
14 56
14 36
14 16
13 14
14 18
14 29
14 48
1 14
14 77
14 71
14 85
14 74
14 97
42 44
44 89
31 44
44 56
36 44
44 64
13 44
40 44
11 44
44 98
44 61
44 50
17 44
8 44
22 44
44 82
44 94
12 44
20 42
20 89
20 31
20 56
20 36
16 20
20 47
20 77
20 43
5 20
20 22
20 100
20 70
36 42
16 42
42 64
42 83
42 53
42 59
42 48
42 62
3 42
42 85
4 42
42 90
31 89
16 89
64 89
83 89
53 89
59 89
80 89
66 89
11 89
6 89
45 89
16 31
31 64
31 83
31 53
31 59
18 31
23 31
31 100
31 70
31 33
16 56
56 64
56 83
53 56
56 59
11 56
56 91
56 74
56 58
16 36
36 64
36 83
36 53
36 59
36 78
36 77
8 36
36 57
35 36
36 45
33 36
16 59
2 16
16 81
13 16
7 16
16 80
1 16
16 77
16 62
10 16
16 100
16 52
16 45
16 90
2 64
64 81
13 64
7 64
64 80
11 64
18 64
64 78
55 64
35 64
64 85
41 64
9 64
64 69
12 64
59 83
2 83
81 83
13 83
7 83
80 83
11 83
21 83
55 83
77 83
57 83
62 83
74 83
52 83
33 83
2 53
53 81
13 53
7 53
53 80
47 53
53 61
8 53
53 94
25 53
53 73
53 90
2 59
59 81
13 59
7 59
59 80
50 59
1 59
59 62
43 59
34 59
39 59
37 59
41 59
59 69
12 59
2 40
2 66
2 11
2 21
2 98
2 48
2 77
2 43
2 34
2 52
40 81
66 81
11 81
21 81
81 98
27 81
23 81
71 81
81 95
9 81
12 81
13 40
13 66
11 13
13 21
13 98
13 77
13 19
13 43
3 13
13 74
13 95
7 40
7 66
7 11
7 21
7 98
7 50
7 78
7 27
7 34
7 52
7 69
7 90
40 80
66 80
11 80
21 80
80 98
57 80
80 88
10 80
39 80
70 80
21 40
18 40
40 47
40 61
40 50
29 40
32 40
40 88
40 72
40 70
33 40
40 73
40 97
66 98
18 66
47 66
61 66
50 66
29 66
66 78
35 66
66 88
66 94
66 67
12 66
66 96
66 70
33 66
11 18
11 47
11 61
11 50
11 29
1 11
11 77
11 23
11 72
11 96
18 21
21 47
21 61
21 50
21 29
21 78
21 43
21 39
21 45
21 96
18 98
47 98
61 98
50 98
29 98
22 98
95 98
25 98
70 98
97 98
18 47
17 18
6 18
18 48
18 78
18 32
18 88
18 39
18 22
18 94
18 37
47 50
29 47
17 47
6 47
47 48
47 78
32 47
34 47
37 47
33 47
17 61
6 61
48 61
61 78
32 61
19 61
61 62
5 61
61 88
61 91
4 61
17 50
6 50
48 50
50 78
32 50
50 77
19 50
43 50
3 50
26 50
50 95
45 50
33 50
50 97
17 29
6 29
29 48
29 78
29 32
1 29
29 67
29 97
1 17
17 55
17 77
8 17
17 19
17 74
17 95
17 25
17 45
1 6
6 55
6 77
6 8
6 19
5 6
6 72
6 100
6 90
1 48
48 55
48 77
8 48
19 48
48 58
39 48
45 48
33 48
1 78
55 78
77 78
8 78
19 78
57 78
43 78
35 78
78 88
34 78
78 94
72 78
25 78
4 78
1 32
32 55
32 77
8 32
19 32
32 35
26 32
32 37
32 45
32 33
1 57
1 62
1 43
1 3
1 35
1 26
1 88
1 85
1 69
1 70
1 90
55 57
55 62
43 55
3 55
35 55
5 55
55 74
57 77
62 77
43 77
3 77
35 77
69 77
70 77
77 97
8 19
8 57
8 62
8 43
3 8
8 35
8 39
8 41
8 97
19 57
19 62
19 43
3 19
19 35
19 71
19 34
19 82
27 57
26 57
5 57
57 88
23 57
57 91
57 74
57 90
27 62
26 62
5 62
62 88
23 62
62 100
27 43
26 43
5 43
43 88
23 43
43 82
43 96
43 90
3 27
3 26
3 5
3 88
3 23
3 85
3 73
3 97
27 35
26 35
5 35
35 88
23 35
35 58
27 71
27 85
10 27
27 34
27 91
27 73
26 88
26 71
26 85
10 26
26 34
26 91
26 82
12 26
26 96
26 33
5 71
5 85
5 10
5 34
5 91
5 72
5 25
5 100
71 88
85 88
10 88
34 88
88 91
39 88
4 88
70 88
33 88
23 71
23 85
10 23
23 34
23 91
23 94
23 72
23 100
12 23
23 33
71 74
58 71
39 71
22 71
71 82
67 71
74 85
58 85
39 85
22 85
82 85
10 74
10 58
10 39
10 22
10 82
10 41
10 73
34 91
34 74
34 58
34 39
22 34
34 82
34 100
9 34
4 34
34 45
74 91
58 91
39 91
22 91
82 91
41 91
4 91
12 74
58 67
52 58
58 69
37 39
22 37
22 41
69 82
72 94
94 97
67 73
67 97
25 95
41 95
52 72
9 72
41 100
52 70
9 41
41 96
4 9
45 96
0 0
