100 400
63 76
5 57
11 90
18 19
27 68
6 54
10 61
13 32
6 72
12 59
67 74
42 88
48 59
1 28
16 84
56 75
20 58
68 92
60 81
14 77
53 62
9 93
8 38
22 42
88 93
39 42
37 54
44 55
47 90
66 93
57 90
25 58
8 94
27 60
2 38
7 15
11 72
12 90
17 24
41 43
31 56
8 51
64 86
4 100
30 86
19 79
7 80
44 98
21 55
5 62
23 31
40 55
53 91
4 69
49 75
77 81
39 54
56 96
11 19
33 98
12 20
18 67
19 58
58 68
21 48
45 83
26 45
82 99
4 38
15 84
31 46
9 60
36 44
74 92
76 90
21 95
56 77
41 82
7 92
57 87
21 57
4 7
13 99
20 34
62 73
28 34
15 93
7 16
61 67
30 56
36 43
34 39
8 14
28 81
37 52
9 17
55 65
6 91
56 84
22 94
12 96
9 98
18 79
16 99
80 87
84 96
1 39
10 90
19 20
2 36
10 45
50 68
29 86
43 47
41 51
14 17
38 50
10 17
25 31
17 74
15 20
22 81
58 81
18 96
10 69
23 69
47 56
27 55
57 75
19 29
37 75
9 77
51 73
31 73
15 29
11 21
56 72
18 91
19 34
2 54
43 97
54 62
3 90
19 95
1 16
19 69
50 61
7 94
8 91
22 52
60 75
72 97
5 46
27 81
6 45
30 62
52 79
36 51
19 100
48 54
66 89
20 68
44 73
50 52
83 94
57 94
19 48
85 92
32 88
3 21
57 64
38 98
45 93
24 84
25 74
39 78
8 55
5 49
29 84
65 92
13 40
55 88
39 53
14 57
66 74
21 73
69 98
11 69
28 40
31 75
6 75
19 88
71 79
70 89
12 68
53 63
34 78
32 34
51 80
7 45
78 88
15 100
64 94
6 100
13 14
68 90
8 93
60 69
48 67
29 63
35 58
55 93
20 70
43 81
47 63
81 91
1 84
34 58
22 25
4 68
1 78
7 78
58 93
85 99
18 92
23 65
63 97
6 29
30 46
32 45
27 71
72 93
55 83
20 84
7 71
19 64
71 73
45 77
34 82
70 95
27 38
7 17
3 49
9 38
4 74
34 38
63 82
28 80
35 55
90 92
6 64
17 56
40 80
3 100
69 72
47 67
2 13
35 73
91 100
85 95
71 92
59 95
23 77
6 15
45 96
48 69
4 49
1 81
2 65
50 71
11 33
18 54
8 96
21 98
20 64
57 98
32 92
46 60
20 55
57 68
37 76
11 64
20 29
18 23
72 88
12 33
1 76
49 74
31 78
28 92
56 97
33 97
40 100
22 77
1 50
23 67
25 45
4 25
62 71
4 39
33 46
51 79
31 55
28 91
18 40
25 99
48 62
1 17
21 94
13 17
36 96
20 35
12 64
63 92
75 94
67 90
34 69
26 38
7 8
62 91
3 56
72 77
53 95
49 87
7 60
31 67
65 93
27 99
55 89
1 5
32 52
29 52
24 90
63 66
72 90
12 35
3 78
55 86
14 25
39 51
31 86
41 68
55 76
12 23
10 99
58 89
18 88
46 47
52 65
6 77
12 48
3 93
43 50
17 59
64 93
20 80
66 95
58 96
17 93
22 90
44 83
33 82
23 90
58 74
2 14
70 83
5 45
29 32
27 80
16 27
39 80
4 54
2 66
13 84
5 55
18 33
49 92
9 22
77 90
55 66
64 74
28 96
32 99
50 53
25 61
24 38
70 74
23 73
21 41
26 36
25 73
38 69
63 71
9 53
16 40
58 92
56 68
43 87
96 100
69 97
97 300
1 34
2 41
16 68
8 44
5 81
5 44
4 36
3 97
2 84
1 17
17 95
3 52
2 67
1 6
1 64
1 11
3 69
3 24
2 48
1 56
10 69
6 7
6 72
4 19
12 64
2 63
1 45
3 45
3 86
4 46
3 62
2 42
9 87
8 41
11 84
11 27
2 89
3 51
1 28
6 44
7 28
1 94
9 57
2 68
3 79
4 71
2 6
1 54
5 11
4 5
4 82
2 53
1 59
6 85
3 85
4 16
2 32
1 40
3 40
6 88
4 35
2 47
15 83
8 38
6 26
7 22
2 17
1 31
2 90
7 35
3 12
1 89
1 12
2 73
1 78
1 49
2 11
5 14
6 67
3 18
2 54
9 75
3 80
4 21
10 29
1 96
2 37
3 39
1 43
1 21
14 63
1 87
1 26
2 18
2 95
2 74
1 15
3 28
1 60
6 76
3 90
4 84
1 33
6 14
8 45
4 37
3 55
2 85
1 16
3 96
2 23
1 82
2 64
3 6
4 67
1 10
2 79
13 95
4 94
1 63
5 73
1 44
6 11
6 92
3 33
2 43
2 86
2 24
1 93
8 48
6 48
4 11
3 78
13 85
9 13
2 7
3 67
4 6
3 22
1 58
4 83
5 7
5 20
3 60
5 33
4 63
2 91
6 46
3 15
1 88
1 3
2 70
2 29
14 37
7 96
10 37
10 48
1 48
2 8
4 69
4 27
2 55
1 37
3 83
3 38
4 22
1 42
4 33
1 20
6 36
2 19
1 25
2 92
5 49
4 79
2 30
1 14
4 13
3 31
2 13
1 51
10 78
1 72
7 63
3 16
2 56
4 85
4 43
2 39
5 42
1 23
6 33
2 20
1 4
2 65
1 81
4 76
1 70
2 76
2 3
15 41
1 75
5 72
1 35
6 8
2 40
6 96
3 53
2 87
1 18
2 25
2 66
1 7
1 92
1 65
1 52
5 9
3 66
3 25
2 51
1 57
4 7
5 75
10 68
3 42
1 46
3 63
2 45
6 24
3 48
1 29
2 88
7 29
1 2
2 71
3 76
4 70
1 76
1 55
8 86
2 52
1 36
8 20
5 78
5 25
4 23
3 41
9 94
1 41
2 35
5 91
3 82
3 58
2 46
6 37
1 85
2 93
15 77
1 24
6 40
5 48
4 72
10 39
2 72
1 13
8 64
6 63
3 75
1 79
1 50
2 10
4 25
3 92
2 57
1 39
4 86
5 28
4 20
3 36
1 97
5 94
6 19
2 83
1 22
2 21
1 27
1 80
8 53
6 53
5 51
4 77
10 56
1 69
9 48
2 77
3 70
3 29
1 74
1 61
3 46
100 405
78 100
98 100
88 100
81 100
78 98
78 88
44 78
61 78
88 98
44 98
41 98
85 98
44 88
41 88
30 88
9 88
41 44
30 44
11 44
44 79
30 41
11 41
33 41
41 58
11 30
30 33
30 86
18 30
11 33
11 86
11 100
11 20
33 86
33 100
33 78
33 69
86 100
78 86
86 98
50 86
61 81
81 85
9 81
59 81
61 85
9 61
61 79
61 91
9 85
79 85
58 85
85 87
9 79
9 58
9 18
9 80
58 79
18 79
20 79
35 79
18 58
20 58
58 69
58 82
18 20
18 69
18 50
18 96
20 69
20 50
20 81
20 74
50 69
69 81
61 69
69 92
50 81
50 61
50 85
46 50
59 91
59 87
59 80
59 97
87 91
80 91
35 91
45 91
80 87
35 87
82 87
87 89
35 80
80 82
80 96
73 80
35 82
35 96
35 74
35 49
82 96
74 82
82 92
57 82
74 96
92 96
46 96
37 96
74 92
46 74
59 74
24 74
46 92
59 92
91 92
66 92
46 59
46 91
46 87
46 75
45 97
89 97
73 97
84 97
45 89
45 73
45 49
45 67
73 89
49 89
57 89
6 89
49 73
57 73
37 73
13 73
49 57
37 49
24 49
17 49
37 57
24 57
57 66
57 63
24 37
37 66
37 75
37 47
24 66
24 75
24 97
8 24
66 75
66 97
45 66
27 66
75 97
45 75
75 89
52 75
67 84
6 84
13 84
7 84
6 67
13 67
17 67
32 67
6 13
6 17
6 63
6 14
13 17
13 63
13 47
13 29
17 63
17 47
8 17
17 38
47 63
8 63
27 63
10 63
8 47
27 47
47 52
19 47
8 27
8 52
8 84
8 39
27 52
27 84
27 67
27 64
52 84
52 67
6 52
52 54
7 32
7 14
7 29
7 12
14 32
29 32
32 38
32 51
14 29
14 38
10 14
14 42
29 38
10 29
19 29
29 99
10 38
19 38
38 39
38 94
10 19
10 39
10 64
10 43
19 39
19 64
19 54
19 60
39 64
39 54
7 39
39 48
54 64
7 64
32 64
64 95
7 54
32 54
14 54
54 72
12 51
12 42
12 99
12 53
42 51
51 99
51 94
31 51
42 99
42 94
42 43
42 55
94 99
43 99
60 99
65 99
43 94
60 94
48 94
15 94
43 60
43 48
43 95
25 43
48 60
60 95
60 72
60 77
48 95
48 72
12 48
21 48
72 95
12 95
51 95
23 95
12 72
51 72
42 72
62 72
31 53
53 55
53 65
53 83
31 55
31 65
15 31
26 31
55 65
15 55
25 55
3 55
15 65
25 65
65 77
5 65
15 25
15 77
15 21
15 36
25 77
21 25
23 25
25 40
21 77
23 77
62 77
77 90
21 23
21 62
21 53
21 34
23 62
23 53
23 31
23 28
53 62
31 62
55 62
22 62
26 83
3 83
5 83
76 83
3 26
5 26
26 36
2 26
3 5
3 36
3 40
3 56
5 36
5 40
5 90
4 5
36 40
36 90
34 36
36 93
40 90
34 40
28 40
40 68
34 90
28 90
22 90
16 90
28 34
22 34
34 83
34 70
22 28
28 83
26 28
1 28
22 83
22 26
3 22
22 71
2 76
56 76
2 56
4 76
2 4
4 56
76 93
2 93
56 93
4 93
68 76
2 68
56 68
4 68
68 93
16 76
2 16
16 56
4 16
16 93
16 68
70 76
2 70
56 70
4 70
70 93
68 70
16 70
1 76
1 2
1 56
1 4
1 93
1 68
1 16
1 70
71 76
2 71
56 71
4 71
71 93
68 71
16 71
70 71
1 71
99 351
23 48
5 63
50 61
42 92
7 39
45 49
56 58
79 84
62 66
79 87
12 80
5 85
57 65
35 82
40 63
20 86
53 80
75 85
40 57
54 68
72 95
18 89
33 53
10 71
22 28
11 59
55 93
3 91
16 29
27 65
2 73
44 87
5 57
48 98
22 49
43 76
25 72
15 76
7 81
41 73
2 16
1 62
3 36
14 26
24 52
21 79
6 8
14 68
11 30
46 61
22 25
39 43
18 95
9 51
6 77
6 53
20 26
82 84
42 98
35 97
40 75
15 88
89 95
84 87
13 66
52 66
17 21
8 12
27 85
31 62
29 36
54 86
5 75
78 94
25 95
18 22
47 93
6 33
10 58
11 19
47 56
16 91
16 41
33 60
19 83
36 73
44 79
48 50
87 97
60 80
48 92
49 89
46 98
32 78
76 81
7 43
56 71
10 56
1 52
31 64
24 62
62 74
8 60
31 52
16 90
17 79
82 97
39 88
14 78
30 51
48 61
23 92
39 99
28 95
18 45
4 99
9 19
53 77
38 59
26 54
96 98
34 63
53 60
46 92
45 89
28 72
11 38
12 67
58 69
37 69
21 84
13 31
2 29
16 73
44 97
5 27
68 94
18 49
47 69
28 45
33 77
23 96
3 41
1 24
3 16
59 83
13 64
66 74
86 94
24 74
14 32
44 84
46 50
37 56
7 76
32 68
30 83
43 81
64 66
8 67
16 36
17 87
48 96
4 39
9 59
37 58
19 38
59 70
65 85
82 87
27 63
20 54
65 75
68 78
49 95
27 40
10 47
12 33
25 28
55 58
2 91
58 93
69 71
33 80
13 74
64 74
77 80
40 65
35 44
35 87
49 72
76 88
54 78
81 99
41 91
23 42
1 66
26 86
24 31
32 94
50 96
23 46
23 61
51 83
9 38
37 55
19 70
67 80
42 48
26 68
4 88
57 63
38 51
1 74
17 84
13 62
17 97
35 79
57 85
52 62
3 29
5 65
79 82
57 75
27 57
22 95
18 25
34 40
33 67
10 93
11 70
55 71
15 81
36 91
41 90
2 3
8 33
73 91
17 44
50 98
21 87
46 48
25 49
92 98
39 76
22 72
25 89
4 81
37 71
29 41
10 37
1 31
52 64
24 66
42 50
21 82
14 20
9 30
61 92
45 95
18 28
15 99
51 70
9 83
67 77
38 70
6 12
44 82
88 99
21 35
23 98
63 65
27 75
11 51
56 69
12 53
35 84
13 52
60 77
40 85
29 91
73 90
78 86
54 94
18 72
47 71
10 69
37 47
71 93
90 91
36 41
1 64
70 83
3 73
50 92
52 74
76 99
20 32
42 46
19 30
42 61
4 43
62 64
8 80
36 90
17 35
43 88
14 54
30 38
61 98
92 96
39 81
7 99
22 45
9 70
12 77
38 83
29 73
8 53
34 75
47 55
28 49
55 69
53 67
58 71
84 97
34 65
31 74
21 44
20 94
4 15
15 39
10 55
2 41
1 13
3 90
26 94
24 64
32 86
14 94
6 80
4 76
46 96
30 59
61 96
19 51
56 93
9 11
55 56
19 59
60 67
100 4255
33 55
51 97
15 75
22 29
5 37
40 71
9 64
8 26
64 77
49 87
12 91
30 45
34 42
17 48
73 93
74 83
2 65
3 79
79 87
13 60
53 99
16 31
18 65
20 92
21 76
77 89
42 75
43 89
6 85
7 99
46 62
50 59
68 81
14 21
21 59
60 98
61 82
24 96
9 88
26 50
46 79
85 96
86 88
15 78
71 95
54 63
2 41
58 60
76 98
22 38
5 36
9 39
8 23
49 78
12 84
30 38
34 35
17 39
74 92
37 42
2 90
3 74
55 88
79 90
62 64
27 68
80 86
13 51
18 58
20 97
21 83
77 88
78 96
6 94
46 55
67 94
50 52
1 15
4 12
24 85
9 95
26 59
46 72
33 69
72 94
2 34
22 47
8 16
49 69
12 73
13 91
30 63
34 60
17 30
73 75
74 93
37 81
2 83
3 65
42 44
6 54
80 83
27 75
10 51
28 73
13 42
18 51
38 64
21 90
77 79
78 89
25 29
6 71
43 75
46 48
67 85
50 53
68 95
1 6
9 70
65 99
46 65
86 90
33 92
34 68
15 96
71 73
72 91
2 59
58 70
39 98
22 56
5 18
81 99
12 66
13 82
30 56
34 61
17 21
38 88
3 92
42 45
23 31
6 63
80 92
27 86
10 60
18 44
21 97
78 82
43 54
6 80
7 88
11 27
14 64
32 86
1 29
92 94
41 100
9 77
86 99
33 83
34 69
15 39
72 84
19 94
2 52
58 79
59 69
22 49
5 25
81 90
27 46
64 97
12 71
13 73
30 49
34 54
74 79
37 71
38 81
3 83
55 57
6 40
62 75
10 61
28 71
31 50
35 45
53 71
6 73
7 79
68 77
31 65
14 57
32 83
1 20
24 100
34 94
15 42
72 73
19 85
2 53
58 88
59 80
22 58
5 8
40 100
27 53
47 52
13 72
37 78
38 90
3 46
59 63
23 41
6 33
62 68
63 84
10 38
28 96
31 57
89 96
52 86
53 78
18 38
38 43
7 66
11 13
50 96
31 76
14 50
32 92
19 61
56 66
39 60
41 82
33 97
34 87
15 49
51 55
91 98
19 80
2 14
58 89
59 87
22 67
81 88
44 94
27 64
47 59
49 97
20 21
3 37
38 67
23 36
6 42
62 93
63 91
10 47
28 85
98 99
31 36
52 91
35 63
16 65
53 85
43 47
7 57
11 56
50 81
51 95
14 43
19 56
56 95
39 51
26 32
9 98
65 79
12 29
19 71
2 7
58 98
59 82
22 76
44 83
47 62
74 98
20 30
3 64
38 76
23 59
62 86
63 94
10 88
28 46
35 58
18 24
1 74
53 84
24 26
50 74
32 74
75 84
56 88
39 54
4 86
41 96
44 59
65 70
66 74
12 22
30 100
34 97
19 66
2 32
59 89
22 85
23 67
44 76
45 92
8 98
47 69
69 82
52 60
16 34
20 35
3 55
23 62
6 28
63 69
10 89
11 87
28 35
31 46
87 95
35 49
16 87
1 65
56 64
25 71
7 43
11 58
51 81
14 93
32 55
36 52
19 42
75 91
39 45
5 85
44 52
65 93
66 67
59 100
22 94
23 70
44 65
45 83
8 95
84 90
47 80
48 72
69 89
70 87
16 47
20 44
3 50
63 80
10 66
11 82
28 60
48 53
88 94
35 76
16 96
1 72
4 51
25 78
24 48
26 66
11 33
14 86
36 57
76 82
39 40
41 78
5 84
65 84
66 92
29 74
23 93
45 74
84 95
47 87
48 77
13 99
69 72
70 96
16 56
20 49
3 9
42 100
25 38
6 14
62 97
10 75
11 89
28 49
48 62
31 32
88 91
35 67
36 81
4 60
78 97
25 85
24 37
7 37
26 75
11 44
51 67
14 79
32 37
19 28
76 87
39 95
4 73
5 91
41 53
9 30
8 64
66 93
12 57
2 99
40 54
23 88
80 99
47 90
13 26
17 93
16 61
18 99
57 68
20 58
3 4
11 68
48 59
87 100
35 94
53 56
1 86
21 25
4 33
60 80
25 92
26 84
7 32
82 95
29 41
33 44
14 72
32 46
36 39
39 82
40 94
5 66
41 60
8 53
66 86
29 96
12 50
30 72
15 31
90 96
54 66
40 51
45 64
8 70
47 97
48 83
13 17
49 59
89 98
17 84
18 92
57 75
20 63
3 27
25 52
11 75
53 63
36 95
1 45
57 58
21 40
4 42
60 69
61 79
24 59
7 23
26 85
82 88
83 96
33 35
14 65
32 43
36 48
39 73
40 91
5 73
61 62
9 12
8 46
64 81
12 55
30 65
54 75
37 55
55 73
3 99
40 44
45 55
8 67
49 50
48 92
13 16
70 75
17 75
18 93
57 82
20 72
3 22
88 98
1 36
92 99
4 47
60 94
61 70
24 52
7 10
26 94
46 99
83 87
39 68
40 84
5 56
41 42
9 51
8 43
64 90
49 90
12 48
30 90
17 51
54 84
37 62
55 68
45 46
48 97
17 66
18 86
57 89
20 77
42 96
43 88
28 29
36 77
1 59
21 54
4 24
60 83
61 93
24 73
26 39
29 54
15 65
75 97
40 73
5 63
9 58
8 36
64 71
49 81
12 37
30 83
17 42
55 91
10 31
13 62
16 17
57 96
20 86
21 78
42 65
67 73
31 99
14 27
35 98
1 50
93 99
21 61
4 29
61 92
24 66
9 82
26 48
46 85
51 98
15 76
22 28
9 33
8 25
49 88
12 94
30 44
34 41
17 33
73 94
55 94
2 72
42 57
79 88
13 53
53 100
16 26
18 72
20 91
77 90
43 90
6 84
46 61
67 68
68 84
14 20
1 9
21 60
4 6
60 97
61 83
24 95
9 89
26 49
46 78
85 89
86 87
33 79
15 83
71 96
54 62
2 48
58 59
76 97
22 37
5 45
9 40
8 18
49 79
12 83
13 93
17 40
74 91
37 43
2 89
55 85
79 95
80 85
27 65
13 52
18 57
20 100
38 54
77 81
78 95
43 65
6 93
46 54
50 51
36 100
1 16
4 11
24 88
9 96
26 58
33 70
34 74
15 86
71 87
72 93
2 33
58 68
22 46
5 44
9 47
8 15
49 70
12 76
13 92
30 62
34 59
17 31
73 76
42 43
6 53
80 94
27 76
10 50
28 76
13 43
52 66
18 50
38 63
21 91
77 80
78 88
25 30
6 70
7 94
43 76
46 47
11 17
67 86
31 88
1 7
9 71
65 100
86 89
33 93
34 67
15 93
71 74
72 86
19 100
2 58
58 69
81 100
27 36
12 65
13 83
30 55
34 52
17 22
37 89
38 87
3 89
23 32
6 62
80 91
27 83
10 59
13 34
18 43
38 40
21 98
43 51
7 85
68 71
14 63
32 85
1 30
92 93
9 78
86 98
34 92
72 83
19 91
2 51
58 78
59 70
22 64
5 26
81 91
27 43
64 100
13 74
34 53
74 78
37 72
38 96
3 84
55 58
6 39
62 74
10 36
28 90
31 55
89 90
52 80
35 46
18 36
53 72
43 62
26 100
7 80
68 80
31 66
32 94
1 21
93 94
56 76
4 98
24 99
51 61
34 93
15 47
72 76
19 86
58 87
22 57
81 82
27 54
13 65
73 97
37 79
3 43
59 64
23 42
6 48
62 67
63 81
10 37
28 95
31 58
52 85
35 37
18 37
38 42
7 71
11 14
50 95
31 73
14 49
32 91
19 62
56 65
39 57
41 83
65 73
33 98
34 86
15 50
51 56
19 77
2 13
58 96
59 88
22 66
5 16
44 93
47 60
49 98
20 24
3 38
38 66
23 33
6 41
62 92
63 92
10 46
28 88
31 33
35 64
18 30
16 68
53 86
43 48
7 58
11 53
50 88
51 96
14 42
32 68
19 53
56 90
39 52
41 90
26 31
9 99
65 80
12 32
15 57
54 100
19 72
2 6
58 97
59 95
22 75
23 73
44 86
45 94
47 67
52 54
70 100
74 97
38 75
23 60
6 18
63 67
28 45
31 44
35 55
16 73
1 75
18 23
25 65
24 25
7 49
11 64
50 73
14 35
32 73
19 48
56 87
39 43
4 85
41 65
44 62
65 71
12 21
30 99
2 31
59 90
22 84
23 68
44 75
45 85
8 97
47 70
69 83
52 59
16 33
20 38
23 51
63 70
28 38
11 88
87 96
35 50
16 82
1 66
53 92
56 63
77 98
25 72
7 44
11 39
50 66
51 82
32 50
36 51
76 92
39 46
4 94
5 86
41 72
44 51
9 17
65 94
12 14
2 24
59 97
22 93
23 91
44 68
45 84
8 90
84 89
47 77
48 71
69 90
70 86
20 43
3 15
63 77
10 65
28 59
48 56
88 93
35 73
16 95
1 89
4 54
25 79
24 47
26 65
82 100
51 73
14 85
32 63
36 60
19 34
76 81
41 79
4 67
5 93
9 24
65 85
66 91
29 75
40 64
23 94
45 75
8 87
84 98
47 88
48 80
70 95
16 55
42 99
25 39
6 13
10 74
11 90
28 52
48 61
35 68
1 96
4 59
60 74
25 86
24 40
26 74
11 41
51 68
14 78
32 40
19 25
75 78
39 96
4 76
5 92
41 54
9 31
8 63
66 84
29 66
12 60
30 78
54 72
2 98
40 53
45 66
8 80
47 95
48 85
13 27
17 94
16 64
18 98
57 69
20 57
25 46
11 65
87 97
35 91
36 89
21 26
4 36
60 79
25 93
24 61
7 29
26 83
82 94
29 42
33 45
14 71
32 45
36 42
76 79
39 87
40 93
5 67
41 61
8 56
66 85
29 89
12 49
30 71
90 95
54 65
45 57
8 69
47 98
48 94
13 18
89 99
17 85
18 91
57 76
20 66
3 28
63 98
11 76
35 86
36 66
1 46
53 64
57 59
21 33
4 41
60 72
61 80
24 54
7 24
26 92
82 87
29 33
83 93
33 36
36 47
39 74
40 86
5 74
61 63
9 13
8 45
64 84
29 88
12 42
30 96
17 61
91 96
37 56
55 74
3 100
40 43
45 56
10 20
49 51
48 91
70 74
17 76
57 83
20 71
3 19
42 86
25 60
36 71
21 48
4 18
60 93
61 71
24 51
7 15
26 93
46 98
29 64
83 88
33 59
40 83
5 49
9 52
8 38
64 89
49 91
12 47
30 89
17 52
73 81
54 83
37 63
45 47
10 21
48 100
17 67
18 85
57 90
20 80
21 72
42 95
43 85
6 97
28 32
67 79
36 80
1 60
21 55
4 23
61 94
26 38
46 91
29 55
71 99
75 98
40 76
9 59
8 35
64 66
49 82
12 40
30 82
17 43
73 88
54 92
37 38
2 78
55 92
10 30
13 63
16 20
18 78
57 97
21 79
42 72
67 74
14 26
1 51
93 100
21 62
4 32
24 65
9 83
26 47
46 84
33 73
15 73
22 27
5 39
9 34
8 28
49 73
12 93
30 43
34 48
73 95
37 45
2 71
3 77
55 83
79 85
27 71
13 54
16 25
18 71
20 94
21 86
77 91
42 73
43 71
6 83
7 97
46 60
50 57
68 83
14 19
1 10
4 5
60 100
61 84
24 90
9 90
26 56
46 77
85 90
33 80
14 100
15 84
54 61
2 47
76 100
22 36
5 46
9 41
8 17
49 80
12 86
13 94
30 36
74 90
37 44
2 96
55 86
80 88
10 16
13 45
16 98
18 64
20 99
21 93
38 53
77 82
43 66
78 94
7 92
46 53
11 23
68 92
32 98
4 14
24 87
9 65
26 57
46 70
85 97
86 95
33 71
34 73
15 91
72 96
2 40
58 67
5 21
9 48
8 10
49 71
12 75
13 85
30 61
17 32
73 77
37 83
3 95
6 52
80 93
27 73
10 49
28 75
13 44
52 65
18 49
78 87
25 31
43 73
7 83
11 18
67 83
1 8
61 98
9 72
33 94
34 66
15 94
71 79
72 85
19 97
2 57
58 76
22 54
5 20
27 33
12 68
30 54
34 51
17 23
74 76
37 90
38 86
3 90
23 29
62 80
27 84
10 58
28 68
13 35
52 74
18 42
38 39
21 99
43 52
7 86
11 25
68 74
31 96
14 62
32 88
92 96
56 78
66 100
33 85
34 91
72 78
19 92
2 50
58 77
59 67
22 63
5 27
81 92
44 98
64 99
13 75
74 77
37 65
38 95
3 81
55 63
23 24
6 38
62 73
27 91
10 35
28 89
31 56
89 91
52 79
35 43
53 65
38 48
43 59
26 99
7 77
68 79
31 71
14 55
32 93
1 22
93 95
56 75
4 97
51 62
34 84
15 48
72 75
19 83
2 11
58 86
59 78
22 72
81 83
27 51
47 50
73 98
3 44
59 61
23 47
6 47
63 82
10 44
28 82
31 63
52 88
35 38
16 70
18 28
53 80
38 41
7 72
50 94
31 74
14 48
32 70
19 59
56 68
41 84
12 26
33 99
34 85
15 55
51 53
19 78
2 4
58 95
22 65
5 9
44 96
27 62
47 57
49 99
20 23
3 35
38 65
94 100
23 34
62 91
63 89
10 45
28 87
31 34
52 93
53 87
16 67
18 29
7 63
11 54
50 87
51 93
14 41
32 67
75 87
56 89
41 91
5 97
26 30
9 100
12 31
54 99
19 69
2 5
59 96
22 74
23 74
44 85
45 95
47 68
69 85
52 53
70 99
20 32
3 62
38 74
23 57
6 17
62 84
63 68
10 86
31 41
35 56
16 76
1 76
18 22
53 94
25 66
24 28
7 50
11 61
50 80
51 88
14 34
32 76
19 45
75 82
56 82
39 44
4 88
41 66
44 61
65 72
30 98
2 30
22 83
23 65
44 78
45 86
8 100
47 75
52 62
16 36
20 37
3 53
23 52
6 26
63 75
10 95
11 85
87 93
35 79
16 81
1 67
77 99
25 73
7 41
11 40
50 65
51 79
14 91
32 49
19 40
75 89
4 93
5 87
44 54
9 18
65 95
29 77
12 13
55 99
2 23
22 92
23 92
44 67
45 77
8 89
84 92
47 78
69 91
70 85
16 41
37 100
20 46
25 33
10 72
11 96
48 55
87 88
88 96
35 74
16 90
4 53
25 80
24 42
7 36
26 72
11 47
51 74
14 84
15 100
32 58
36 59
19 31
76 84
41 80
4 70
5 94
9 25
66 90
29 76
15 19
40 63
45 76
84 97
47 85
48 79
13 29
16 50
20 51
3 7
42 98
25 40
10 73
11 71
28 51
48 64
35 65
36 83
4 62
60 73
24 39
7 27
26 73
82 92
11 42
51 65
14 77
32 39
19 26
39 93
4 75
5 69
41 55
8 58
66 83
29 67
30 77
54 71
2 97
23 86
45 67
8 79
47 96
48 88
13 28
69 73
70 71
17 95
18 97
57 70
20 60
25 47
11 66
67 99
87 98
35 92
36 92
1 88
21 27
60 66
26 82
7 30
82 93
83 99
29 43
33 46
14 70
32 48
36 41
39 88
40 96
5 68
41 62
8 55
64 86
29 90
12 52
30 70
15 29
90 94
54 80
40 45
27 100
8 72
45 58
48 93
70 80
17 86
18 90
57 77
20 65
3 25
43 100
11 73
35 83
36 65
1 47
53 57
21 34
4 44
60 71
61 73
24 53
7 21
26 91
82 86
29 34
83 94
33 37
39 79
40 85
5 75
9 14
64 83
29 81
12 41
30 95
17 62
91 93
54 73
37 49
3 97
45 49
10 19
49 52
70 73
17 77
18 83
20 74
10 100
88 100
36 74
1 38
21 41
4 17
60 96
24 78
7 16
26 36
46 97
29 57
83 85
33 60
39 66
22 24
5 50
40 78
41 44
9 53
8 37
64 92
12 34
17 53
54 82
55 66
2 76
45 48
10 28
28 98
48 99
17 68
16 22
18 76
57 91
20 79
21 65
42 94
28 31
67 80
14 32
36 79
21 56
4 26
60 85
61 95
24 75
26 37
46 90
29 56
33 51
71 100
40 75
9 60
8 30
64 65
49 83
12 39
30 81
17 44
73 89
54 91
37 39
2 77
55 89
42 54
79 83
10 29
13 64
16 19
18 77
57 98
20 88
21 80
77 93
42 71
43 93
67 71
31 97
14 25
1 52
21 63
4 31
61 86
26 46
9 84
46 83
33 74
15 74
22 26
5 40
40 68
9 35
8 27
64 74
49 74
12 96
34 47
17 35
73 96
37 46
2 70
3 78
42 63
79 86
27 72
16 28
18 70
20 93
21 87
77 92
42 80
43 72
6 82
7 98
46 59
50 64
68 86
1 11
56 98
4 8
60 99
24 89
9 91
26 55
46 76
85 91
15 81
71 94
54 60
72 98
2 46
76 99
22 35
5 47
9 42
49 65
30 35
13 95
34 40
17 26
74 89
37 85
2 95
3 69
79 93
80 87
27 79
13 46
16 97
18 63
38 52
21 94
77 83
78 93
43 79
6 91
7 89
46 52
11 24
68 91
31 83
32 97
1 2
4 13
24 82
9 66
26 64
46 69
85 98
86 94
33 72
34 80
15 92
71 85
72 95
2 39
58 66
22 44
5 22
27 39
49 72
12 78
13 86
30 60
34 57
73 78
37 84
2 88
3 96
23 27
6 51
10 56
13 37
52 68
18 56
38 61
78 86
25 32
6 68
7 84
43 74
11 31
31 86
1 25
61 99
9 73
33 95
15 35
71 80
72 88
19 98
90 100
58 75
5 29
27 34
12 67
13 77
30 53
34 50
17 24
74 75
38 85
3 87
23 30
6 60
62 79
27 81
28 67
13 36
1 97
78 79
43 49
6 77
7 75
11 26
68 73
32 87
1 32
92 95
56 77
9 80
66 99
33 86
34 90
15 38
72 77
19 89
2 49
58 84
59 68
5 28
81 93
44 97
27 41
47 48
13 76
37 66
55 64
3 82
6 37
27 92
10 34
28 92
31 53
89 92
52 82
35 44
18 34
53 66
38 47
26 98
7 78
50 92
31 72
32 96
1 23
93 96
56 70
4 100
51 59
34 83
15 45
19 84
58 85
59 75
22 71
81 84
44 90
27 52
47 55
13 67
73 99
37 73
38 71
3 41
59 62
23 48
6 46
62 65
63 87
10 43
28 81
31 64
52 87
53 73
16 69
18 27
7 69
11 12
50 93
31 79
14 47
19 60
56 67
39 63
41 85
26 28
65 75
29 97
12 25
33 100
51 54
19 75
58 94
59 86
22 80
5 10
44 95
27 59
47 58
30 32
49 100
20 26
3 36
94 99
23 39
6 23
62 90
63 90
10 84
28 42
31 39
52 96
35 62
16 78
18 20
53 88
43 46
24 30
7 64
11 51
50 86
51 94
14 40
32 78
19 51
75 88
39 50
4 82
5 98
41 92
26 29
65 66
12 18
54 98
19 70
2 28
59 93
22 73
23 79
44 88
45 96
47 65
69 86
52 56
70 98
16 38
20 31
3 59
38 73
23 58
6 32
62 83
63 65
28 47
31 42
87 91
35 53
16 75
18 21
25 67
24 27
7 55
50 79
51 85
14 33
19 46
75 95
56 81
39 41
4 87
41 67
44 64
65 89
12 23
30 97
2 29
22 82
44 77
45 87
84 86
47 76
69 93
52 61
16 35
20 40
3 54
95 99
23 49
6 25
63 76
10 94
11 86
28 40
16 84
1 68
56 57
77 100
60 62
25 74
7 42
11 37
50 72
51 80
14 90
32 52
36 53
19 37
75 90
4 96
5 88
44 53
9 19
66 72
29 78
55 100
2 22
22 91
23 89
44 70
45 78
8 92
84 91
47 83
48 65
69 92
70 84
17 98
16 44
20 45
3 13
25 34
10 71
11 93
28 61
88 95
35 71
16 89
1 91
4 56
24 41
7 33
26 71
51 71
14 83
32 57
36 62
19 32
76 83
39 91
9 26
65 87
66 89
29 69
15 20
22 100
23 84
27 31
8 81
45 69
84 100
48 74
13 30
70 93
16 49
20 54
3 8
25 41
6 11
10 80
11 72
28 54
48 63
36 86
21 29
4 61
60 76
25 88
26 80
7 28
82 91
29 45
51 66
14 76
32 34
19 23
75 76
39 94
4 78
5 70
41 56
8 57
66 82
29 68
12 62
30 76
15 27
90 92
54 70
45 68
8 74
47 93
48 87
13 21
69 74
17 96
16 58
57 71
20 59
3 31
11 79
35 89
36 91
1 41
21 28
4 38
60 65
24 63
7 19
26 81
83 100
29 44
33 47
32 47
36 44
39 85
40 95
5 77
41 63
8 50
64 85
29 91
12 51
15 30
90 93
54 79
40 48
45 59
8 71
49 62
48 96
13 20
70 79
17 87
18 89
57 78
20 68
42 83
25 55
43 97
35 84
36 68
1 48
53 58
57 61
21 35
4 43
60 90
61 74
24 56
7 22
82 85
83 91
29 35
50 100
33 38
39 80
5 76
9 15
8 47
64 94
29 82
12 44
30 94
17 63
91 94
54 88
55 80
3 98
45 50
10 18
49 53
52 98
17 78
18 82
57 85
20 73
3 17
42 92
25 62
10 99
68 98
88 99
21 42
4 20
60 95
61 65
24 77
7 13
26 35
33 61
39 71
40 77
5 51
41 45
9 54
8 40
64 91
49 93
12 33
30 87
17 54
73 83
54 81
37 57
2 75
55 71
10 27
28 97
16 21
18 75
57 92
20 82
21 66
42 93
67 77
14 31
1 62
4 25
60 88
97 98
24 70
7 8
26 44
29 49
33 52
15 72
71 97
22 32
40 70
8 29
64 68
49 84
12 90
30 48
17 45
73 90
54 90
37 40
2 68
55 90
42 53
79 84
13 57
16 30
18 68
20 87
21 73
77 94
42 70
43 94
6 88
11 99
67 72
31 98
14 24
1 53
21 64
24 67
9 85
26 45
33 75
71 92
2 44
22 25
5 33
40 67
96 98
9 36
8 22
64 73
49 75
12 95
30 41
34 46
74 87
37 47
2 69
3 75
42 62
79 91
27 69
13 56
16 27
18 69
20 96
21 88
77 85
42 79
43 69
6 81
67 95
68 85
14 17
1 12
56 97
4 7
24 92
9 92
26 54
46 75
85 92
14 98
71 83
72 97
2 45
58 64
5 48
9 43
49 66
30 34
13 96
34 39
17 27
74 96
37 86
2 94
3 70
79 94
27 80
10 14
13 47
16 100
18 62
38 51
21 95
77 84
78 92
25 26
6 90
7 90
43 80
11 21
67 90
50 56
31 84
32 100
1 3
4 16
24 81
9 67
26 63
46 68
85 99
86 93
33 89
34 79
15 89
71 86
72 90
2 38
58 65
39 99
22 43
5 23
27 40
8 12
12 77
30 59
34 64
17 18
37 93
2 87
3 93
42 48
23 28
6 50
80 95
27 87
10 55
28 77
13 38
52 67
18 55
38 60
78 85
43 55
7 81
11 32
31 91
1 26
41 97
61 100
9 74
33 96
34 72
15 36
71 77
72 87
19 95
2 63
90 99
22 52
5 30
27 47
12 70
13 78
30 52
34 49
37 92
38 84
3 88
6 59
62 78
27 82
10 64
28 70
31 51
52 76
1 98
43 50
6 76
7 76
68 76
31 94
14 60
32 82
1 17
56 80
66 98
15 43
71 72
19 90
2 56
58 83
59 65
81 94
44 100
27 42
13 69
37 67
38 93
3 47
6 36
27 89
10 33
28 91
31 54
89 93
52 81
35 41
18 33
53 67
38 46
43 57
26 97
7 67
63 64
50 91
31 69
14 53
32 95
1 24
56 69
4 99
51 60
34 82
91 99
19 81
2 9
58 92
59 76
22 70
81 85
44 89
27 49
47 56
13 68
69 97
73 100
37 74
38 70
3 42
55 56
23 45
6 45
62 96
63 88
10 42
28 84
31 61
35 36
18 26
16 72
7 70
50 84
31 80
14 46
32 72
56 94
39 64
41 86
26 27
65 76
29 98
12 28
15 53
19 76
58 93
59 83
22 79
5 11
44 82
27 60
45 98
47 63
30 31
20 25
3 33
38 79
94 98
23 40
6 22
62 89
63 95
10 83
31 40
52 95
35 59
16 77
18 19
53 81
24 29
7 61
11 52
51 91
19 52
75 85
56 91
41 93
4 81
5 99
44 58
12 17
34 100
15 64
54 97
59 94
22 88
44 87
45 89
47 66
12 98
69 87
52 55
70 97
16 37
3 60
23 63
6 31
62 82
63 66
10 92
28 34
31 47
87 92
35 54
16 86
25 68
7 56
11 59
50 78
51 86
32 54
19 43
75 96
56 84
39 42
4 90
41 68
44 63
65 90
66 78
2 20
23 71
79 100
44 80
45 88
8 94
84 85
69 94
52 64
26 41
16 46
20 39
3 51
95 100
23 50
6 8
63 73
10 93
11 83
28 39
35 77
16 83
1 69
56 60
60 61
7 47
11 38
50 71
51 77
32 51
36 56
19 38
76 93
41 75
4 95
5 81
44 56
9 20
65 81
66 71
29 79
55 97
2 21
22 90
23 90
44 69
45 79
8 91
70 83
20 48
3 14
25 35
62 100
10 70
11 94
28 64
48 49
88 90
35 72
16 92
1 92
21 23
4 55
78 100
25 82
24 44
7 34
26 70
11 45
51 72
15 98
36 61
19 29
76 86
39 92
4 72
5 96
44 45
9 27
66 96
29 70
15 17
22 99
23 81
40 57
80 98
45 70
8 84
84 99
47 91
48 73
13 31
70 92
17 90
16 52
57 65
38 99
3 5
25 42
6 10
10 79
11 69
28 53
48 58
35 95
36 85
21 30
4 64
60 75
25 89
24 33
26 79
82 90
29 46
33 41
14 75
32 33
36 38
19 24
39 83
4 77
5 71
41 57
8 60
66 81
29 93
12 61
30 75
15 28
90 91
54 69
40 50
45 61
48 82
13 22
69 75
17 81
16 57
20 62
3 32
94 95
25 49
11 80
67 97
35 90
36 94
1 42
21 37
60 68
25 96
24 58
7 20
26 88
82 83
29 37
83 97
14 68
32 42
36 43
39 86
40 90
5 78
41 64
8 49
64 88
29 92
12 54
30 68
17 57
40 47
23 99
27 98
8 66
45 60
49 63
48 95
17 88
18 96
20 67
95 96
42 82
25 56
43 98
53 59
36 67
1 33
57 62
92 98
21 36
4 46
60 89
24 55
7 11
26 89
83 92
29 36
50 99
39 77
5 53
9 16
8 42
64 93
12 43
30 93
17 64
54 87
37 51
55 77
45 51
10 17
49 54
52 97
18 81
57 86
20 76
3 18
42 91
25 63
10 98
68 97
36 76
1 40
4 19
61 66
24 80
7 14
46 95
39 72
40 80
5 52
41 46
9 55
8 39
64 70
49 94
12 36
30 86
17 55
54 96
37 58
2 74
55 72
42 51
10 26
28 100
17 70
16 24
18 74
57 93
21 67
42 68
43 84
14 30
35 99
1 63
21 50
4 28
60 87
61 89
24 69
26 43
97 99
46 88
29 50
33 53
51 99
71 98
40 69
5 59
9 62
8 32
64 67
49 85
12 89
30 47
34 44
17 46
73 91
54 89
55 95
2 67
42 60
13 58
53 97
16 29
18 67
57 100
20 90
21 74
77 95
42 69
43 91
6 87
46 64
11 100
67 69
14 23
1 54
61 88
24 94
9 86
46 81
85 94
33 76
15 80
71 89
2 43
5 34
96 97
8 21
64 76
49 76
12 82
30 40
17 37
74 86
37 48
2 92
3 76
55 82
42 61
79 92
27 70
10 12
13 49
18 60
20 95
21 81
77 86
42 78
6 96
46 57
67 96
50 62
68 88
14 16
4 10
24 91
9 93
26 53
33 67
14 97
15 87
71 84
54 58
2 36
58 63
22 33
5 41
9 44
8 14
49 67
12 87
13 89
30 33
34 38
17 28
74 95
37 87
2 93
3 67
6 56
80 81
10 13
13 48
16 99
18 61
21 96
78 91
6 89
7 95
46 50
11 22
67 87
50 55
31 81
32 99
68 93
1 4
4 15
26 62
9 68
65 97
46 67
29 31
85 100
33 90
34 78
71 75
72 89
2 37
58 72
39 100
22 42
5 24
81 97
27 37
8 11
12 80
13 88
30 58
73 80
37 94
2 86
3 94
42 47
23 25
6 49
80 90
27 88
10 54
28 80
13 39
52 70
18 54
38 59
78 84
25 98
6 66
7 82
43 56
67 82
68 70
31 92
1 27
41 98
9 75
33 81
34 71
15 33
71 78
72 82
19 96
2 62
58 73
59 71
22 51
5 31
90 98
27 48
12 69
13 79
30 51
34 56
37 69
38 83
3 85
55 59
6 58
62 77
27 95
10 63
28 69
31 52
52 75
35 47
18 47
1 99
53 69
43 63
6 75
7 73
68 75
31 67
14 59
24 98
66 97
33 88
34 96
15 44
72 79
2 55
58 82
59 66
22 60
81 95
27 55
13 70
37 68
38 92
3 48
23 43
6 35
62 70
27 90
10 40
28 94
31 59
89 94
52 84
35 42
53 68
38 45
43 58
7 68
11 15
50 90
31 70
14 52
32 90
19 63
56 72
51 57
15 51
91 100
19 82
2 16
58 91
22 69
5 13
81 86
44 92
27 50
47 53
37 75
38 69
3 39
59 60
23 46
6 44
62 95
63 85
10 41
28 83
31 62
52 89
16 71
18 25
7 59
50 83
31 77
14 45
32 71
19 58
56 93
39 61
41 87
65 77
29 99
12 27
51 52
15 54
19 73
58 100
22 78
5 12
44 81
27 57
45 99
20 28
3 34
38 78
94 97
23 37
6 21
62 88
63 96
10 82
28 44
31 37
35 60
16 80
43 44
24 32
7 62
11 49
50 76
51 92
32 80
19 49
75 86
56 86
39 56
4 84
5 100
41 94
44 57
65 68
66 76
12 20
34 99
15 61
19 68
59 91
22 87
23 77
45 90
47 71
69 88
52 58
16 40
20 33
3 57
23 64
6 30
62 81
10 91
28 33
31 48
87 89
35 51
16 85
1 79
56 62
25 69
11 60
51 83
14 95
19 44
75 93
56 83
39 47
4 89
41 69
44 50
65 91
66 77
2 19
23 72
44 79
45 81
8 93
48 70
69 95
16 45
20 42
3 52
95 97
23 55
6 7
63 74
11 84
35 78
1 70
56 59
4 49
60 64
25 76
24 46
7 48
26 68
11 35
50 70
51 78
14 88
32 62
36 55
19 35
76 96
41 76
4 66
5 82
44 55
9 21
65 82
29 80
22 89
23 95
44 72
45 80
8 86
84 93
47 81
48 67
13 97
69 70
70 82
17 100
16 54
20 47
3 11
25 36
6 16
62 99
10 69
11 91
28 63
48 52
35 69
16 91
1 93
21 24
4 58
78 99
25 83
24 43
7 39
26 69
11 46
51 69
14 81
32 59
36 64
19 30
75 79
76 85
39 89
4 71
41 51
44 48
9 28
29 71
15 18
22 98
23 82
40 60
80 97
27 29
8 83
47 92
48 76
13 32
69 77
17 91
16 51
57 66
20 56
3 6
38 98
25 43
6 9
10 78
11 70
28 56
48 57
35 96
36 88
1 84
21 31
4 63
60 78
24 36
7 26
26 78
82 89
29 47
14 74
36 37
19 21
76 78
39 84
4 80
41 58
8 59
66 88
29 94
12 64
15 25
54 68
40 49
8 76
49 57
13 23
69 76
17 82
16 60
57 73
25 50
63 99
11 77
67 98
35 87
36 93
1 43
53 61
4 40
60 67
61 77
24 57
7 17
83 98
29 38
14 67
39 75
40 89
5 79
9 10
8 52
64 87
12 53
30 67
17 58
54 77
37 53
55 75
40 42
45 53
8 65
48 90
13 14
70 77
17 73
18 95
57 80
20 70
3 24
25 57
35 82
36 70
53 60
57 63
92 97
21 45
4 45
60 92
61 76
24 50
7 12
83 89
29 61
50 98
33 40
39 78
9 49
8 41
64 96
29 84
12 46
30 92
17 49
91 92
54 86
37 52
55 78
45 52
49 55
52 100
17 80
18 88
57 87
21 69
42 90
25 64
6 100
10 97
36 75
1 57
21 44
4 22
60 81
24 79
26 33
83 84
29 60
33 63
15 67
75 99
39 69
40 79
5 61
41 47
9 56
8 34
64 69
49 95
30 85
17 56
73 85
54 95
37 59
55 69
42 50
10 25
17 71
16 23
18 73
57 94
20 84
21 68
42 67
43 81
67 75
14 29
35 100
21 51
4 27
97 100
61 90
24 72
26 42
46 87
29 51
85 88
33 54
51 100
15 70
54 55
22 30
5 60
40 72
9 63
8 31
49 86
12 92
30 46
34 43
17 47
73 92
74 84
55 96
2 66
79 82
13 59
53 98
16 32
18 66
20 89
21 75
77 96
42 76
6 86
46 63
11 97
67 70
50 60
14 22
1 55
21 58
61 81
26 51
9 87
46 80
85 95
15 77
71 90
54 64
2 42
22 39
5 35
96 100
9 38
8 24
64 75
49 77
12 81
30 39
34 36
17 38
74 85
37 41
2 91
3 73
79 89
27 67
10 11
13 50
20 98
21 82
38 56
42 77
43 67
6 95
77 87
46 56
67 93
50 61
68 87
14 15
36 98
1 14
56 99
4 9
24 86
9 94
26 60
46 73
33 68
34 76
71 81
54 57
72 99
2 35
58 62
22 48
5 42
9 45
8 13
49 68
12 74
13 90
30 64
17 29
73 74
74 94
37 88
3 68
6 55
80 84
27 78
10 52
28 74
13 41
18 52
38 49
78 90
25 28
6 72
7 96
46 49
11 19
67 88
50 54
31 82
68 96
1 5
24 83
9 69
26 61
46 66
29 32
65 98
86 91
33 91
34 77
15 95
71 76
72 92
2 60
58 71
39 97
5 17
81 98
27 38
12 79
30 57
34 62
37 95
2 85
3 91
42 46
23 26
6 64
80 89
27 85
10 53
28 79
13 40
52 69
18 53
38 58
25 99
6 65
7 87
43 53
11 30
68 69
31 89
1 28
86 100
33 82
34 70
15 34
90 97
72 81
19 93
2 61
58 80
59 72
5 32
81 89
27 45
64 98
12 72
13 80
30 50
34 55
37 70
38 82
3 86
55 60
6 57
62 76
27 96
28 72
52 78
35 48
18 46
1 100
53 70
43 64
7 74
68 78
31 68
14 58
32 84
1 19
56 74
51 63
34 95
15 41
72 74
19 88
2 54
58 81
22 59
5 7
27 56
47 51
13 71
37 77
38 91
3 45
23 44
6 34
62 69
63 83
10 39
28 93
31 60
89 95
52 83
35 39
18 39
53 77
38 44
7 65
50 89
31 75
14 51
32 89
19 64
56 71
39 59
41 81
51 58
34 88
15 52
91 97
19 79
2 15
58 90
59 74
22 68
27 63
47 54
69 99
37 76
20 22
3 40
38 68
23 35
6 43
62 94
63 86
10 48
28 86
98 100
31 35
52 92
53 76
16 66
18 32
7 60
11 55
50 82
31 78
14 44
32 66
19 55
56 96
39 62
41 88
9 97
29 100
12 30
15 59
19 74
2 8
22 77
23 75
44 84
27 58
45 100
47 61
74 99
20 27
3 63
23 38
6 20
63 93
10 81
28 43
31 38
35 57
16 79
1 73
53 83
24 31
7 51
11 50
50 75
51 89
14 37
32 79
19 50
75 83
56 85
39 53
4 83
44 60
65 69
66 75
12 19
34 98
19 65
59 92
22 86
23 78
44 73
45 91
47 72
12 100
69 81
52 57
16 39
20 36
3 58
23 61
6 29
63 72
10 90
28 36
31 45
87 90
53 90
16 88
1 80
56 61
25 70
7 54
11 57
50 68
51 84
36 49
19 41
75 94
76 90
39 48
4 92
41 70
44 49
66 68
2 18
59 99
22 95
23 69
44 66
45 82
8 96
84 87
47 79
69 96
70 88
37 97
20 41
3 49
95 98
23 56
63 79
10 67
11 81
28 57
48 54
35 75
16 93
1 71
4 52
60 63
25 77
24 45
7 45
26 67
11 36
50 69
51 75
14 87
32 61
36 58
19 36
76 95
41 77
4 65
5 83
9 22
65 83
66 69
29 73
15 16
23 96
44 71
45 73
48 78
13 98
69 71
70 81
20 50
3 12
25 37
6 15
62 98
10 76
11 92
28 50
48 51
1 94
4 57
78 98
24 38
7 40
11 43
51 70
14 80
32 38
36 63
19 27
75 80
39 90
4 74
5 90
41 52
9 29
8 61
66 94
12 58
30 80
2 100
22 97
23 87
40 59
80 100
27 30
45 72
47 89
48 75
13 25
69 78
70 90
17 92
16 62
18 100
57 67
20 55
38 97
25 44
10 77
28 55
48 60
53 55
36 87
1 85
21 32
4 34
60 77
25 91
24 35
7 31
26 77
82 96
29 48
33 43
36 40
19 22
76 77
39 81
4 79
41 59
8 54
66 87
29 95
12 63
30 73
15 26
45 63
8 75
47 100
48 84
13 24
49 58
89 97
17 83
16 59
57 74
20 64
3 30
25 51
63 100
11 78
35 88
36 96
21 39
60 70
61 78
24 60
7 18
26 86
83 95
29 39
33 34
14 66
32 44
36 45
39 76
40 92
5 80
9 11
8 51
64 82
12 56
30 66
17 59
54 76
55 76
40 41
23 97
45 54
8 68
48 89
13 15
70 76
17 74
18 94
57 81
20 69
3 21
42 88
1 35
57 64
92 100
4 48
60 91
24 49
7 9
26 95
46 100
83 90
50 97
39 67
40 81
5 55
9 50
64 95
49 89
12 45
30 91
54 85
37 61
10 23
49 56
48 98
52 99
17 65
18 87
57 88
20 78
21 70
42 89
6 99
28 30
68 99
36 78
1 58
21 53
4 21
60 84
61 68
26 40
46 93
29 53
33 64
15 68
75 100
5 62
8 33
64 72
49 96
12 38
30 84
17 41
73 86
54 94
37 60
2 80
55 70
42 49
79 80
10 32
13 61
17 72
16 18
18 80
57 95
20 83
21 77
42 66
67 76
14 28
35 97
1 49
93 98
21 52
4 30
61 91
24 71
9 81
46 86
100 1617
79 89
48 70
83 95
33 87
14 66
71 76
51 85
55 95
21 41
44 63
35 49
28 81
80 92
74 82
13 16
54 61
49 77
47 81
28 94
2 82
48 88
27 84
5 14
71 73
83 91
16 24
13 95
46 82
6 59
21 73
67 98
54 80
6 77
84 86
47 92
48 51
8 18
68 87
14 33
24 66
71 95
46 55
56 89
64 93
59 74
21 61
2 65
16 73
54 87
77 96
47 78
34 43
2 41
27 62
18 44
85 88
5 24
22 30
46 80
62 64
21 77
5 6
2 16
26 77
47 71
9 25
43 56
41 73
40 83
14 71
68 91
21 95
35 87
77 87
13 47
9 24
43 48
25 49
9 37
30 69
21 91
26 37
55 82
22 64
10 35
28 96
63 86
47 55
9 76
43 72
13 41
25 99
44 93
2 28
33 91
37 96
34 85
35 61
1 70
65 71
67 89
7 86
28 47
9 80
49 78
14 28
8 93
23 69
16 91
6 37
34 53
53 70
26 68
13 35
65 78
10 14
67 79
1 86
9 55
25 80
51 84
27 93
20 69
25 37
20 27
61 76
35 83
40 95
68 96
55 94
33 65
10 59
18 86
9 99
26 73
25 55
76 78
24 37
6 13
30 64
23 30
80 94
4 45
17 88
26 65
5 10
26 61
25 77
78 82
17 52
63 69
40 91
1 85
13 96
40 46
20 23
68 95
76 94
8 17
10 33
53 72
2 24
22 70
25 71
55 78
3 21
52 98
49 59
76 99
44 56
30 98
24 81
1 7
61 80
49 66
24 94
10 16
72 85
73 82
18 22
28 55
3 68
52 62
37 40
3 47
25 81
71 92
7 88
13 80
66 82
27 30
91 92
17 67
41 83
61 96
36 97
22 51
68 78
3 80
52 79
13 28
2 5
6 81
78 92
7 58
66 76
31 57
73 83
32 90
58 79
3 55
20 89
53 98
66 81
33 92
40 68
54 83
76 87
58 85
18 51
3 82
59 87
62 63
2 33
89 98
5 92
49 54
20 79
49 82
17 30
48 56
24 83
18 30
6 87
14 80
13 71
51 70
73 95
21 59
21 26
63 93
69 98
40 81
66 92
55 74
16 76
54 82
9 47
40 94
34 48
14 96
61 71
37 91
24 74
41 95
46 61
59 96
50 97
21 55
64 98
16 82
54 76
33 77
30 86
21 47
48 72
18 85
87 94
31 42
6 24
24 95
13 46
8 56
32 100
18 64
16 59
40 92
65 99
16 55
14 54
16 77
25 47
23 43
41 99
18 79
1 88
24 96
22 84
41 46
20 64
21 54
5 33
16 28
66 77
46 47
9 78
43 70
41 96
83 99
14 46
14 91
55 73
21 24
6 33
35 94
77 94
67 86
47 76
9 95
41 80
40 87
9 83
59 91
37 41
63 64
35 65
65 87
22 86
47 82
9 13
43 51
53 93
6 49
30 88
5 91
5 37
30 85
8 34
35 73
70 85
24 65
1 67
69 86
40 47
9 61
78 99
14 40
89 93
34 69
74 91
37 59
34 88
53 56
27 63
41 68
35 76
54 65
10 87
44 67
85 86
9 73
25 66
30 51
62 69
2 99
37 78
76 82
35 37
28 95
5 68
5 94
17 18
6 65
63 67
53 86
9 40
26 55
25 73
16 78
52 72
37 95
13 33
7 27
80 99
64 84
23 84
41 94
17 53
65 74
10 96
24 49
26 28
61 78
52 58
22 69
14 81
49 80
23 56
46 68
17 85
10 26
44 72
20 62
22 62
24 25
77 78
3 25
40 76
44 70
71 81
7 89
6 80
23 93
71 94
10 74
1 72
61 73
22 34
2 55
3 94
20 52
28 37
3 9
30 44
77 81
24 92
7 53
76 80
33 66
30 89
37 92
17 22
26 83
82 96
58 93
14 78
3 66
23 52
13 40
34 98
33 81
54 92
7 72
13 66
55 83
41 87
44 58
3 73
40 49
1 20
59 71
21 49
33 49
88 98
16 81
6 92
2 54
28 68
27 48
10 83
13 87
11 19
8 58
51 93
3 40
14 59
63 70
33 99
1 98
74 92
62 79
17 84
20 48
71 83
18 84
61 87
14 41
71 74
51 56
95 96
21 66
23 63
43 98
81 99
26 92
73 74
33 54
94 99
18 48
18 56
14 73
71 82
13 24
51 58
80 95
6 46
64 88
5 59
5 21
63 98
40 74
16 61
13 54
77 82
47 59
43 44
48 58
1 18
87 95
24 33
46 76
56 85
34 64
59 66
28 92
49 65
54 71
74 77
47 94
43 93
41 49
30 62
18 88
14 94
88 89
24 91
22 27
19 45
24 46
56 64
14 21
5 82
35 46
10 99
16 40
46 77
47 95
9 59
43 62
5 41
2 83
14 95
53 88
87 91
27 58
55 96
27 34
21 71
33 61
35 68
10 49
49 96
68 77
64 86
16 47
9 46
41 66
28 87
9 92
10 91
37 80
20 34
21 35
14 65
67 70
86 98
47 61
9 74
17 43
88 93
27 52
6 99
84 88
53 69
91 96
37 55
84 85
34 89
68 76
35 55
8 70
67 85
43 86
9 82
25 74
15 38
2 78
1 93
18 69
26 91
21 37
34 79
20 53
63 84
68 80
35 80
65 77
10 24
53 67
8 86
25 26
69 70
37 68
33 76
35 47
2 95
55 68
94 96
17 34
61 65
22 67
86 88
9 28
49 71
5 26
25 96
74 78
51 52
49 61
30 56
37 46
13 76
13 82
2 80
23 85
26 94
17 56
16 65
10 73
23 72
26 40
22 89
6 78
7 52
67 69
81 87
7 62
5 80
23 70
1 17
10 66
72 79
20 22
25 87
54 78
3 78
2 59
28 76
44 62
27 98
10 81
7 8
33 80
2 66
16 83
72 89
6 73
22 23
55 99
24 78
3 95
52 56
3 81
44 84
54 81
87 92
7 44
16 80
6 66
84 89
83 92
17 63
66 83
33 96
23 58
78 87
3 26
52 93
13 99
5 49
18 98
81 82
77 92
7 51
66 74
53 79
5 83
67 84
80 87
20 58
51 79
3 96
20 85
24 59
1 63
70 98
74 81
61 92
54 99
8 48
65 83
55 87
66 71
58 89
23 51
3 28
33 95
54 59
56 63
85 98
16 92
54 96
70 79
17 27
48 62
14 83
18 27
82 87
13 14
16 71
20 51
5 95
16 21
34 63
28 35
48 98
2 81
74 96
6 54
28 77
2 94
27 79
48 93
8 27
18 70
14 55
33 71
24 76
58 72
66 95
33 46
53 64
55 59
21 96
22 98
28 74
6 16
54 74
61 77
10 47
43 79
17 48
46 87
62 88
24 82
16 46
1 56
64 85
26 59
2 92
27 72
24 54
13 77
73 99
47 68
43 89
62 84
49 83
18 53
14 68
8 88
71 91
46 71
64 70
21 87
5 61
35 95
2 10
49 73
77 95
26 47
9 21
20 43
33 41
29 100
77 91
58 84
5 55
34 84
33 82
35 78
58 86
47 74
9 68
26 41
2 87
9 91
65 91
37 76
34 62
64 67
35 59
20 70
65 68
56 67
52 86
6 47
9 16
43 58
1 8
70 93
2 6
69 88
73 91
37 73
34 93
8 53
13 68
5 35
70 89
10 65
34 67
20 86
9 33
16 25
28 78
85 93
1 69
66 91
37 65
76 96
34 44
49 95
53 62
30 63
61 68
35 41
55 65
10 71
67 88
86 89
2 71
16 26
25 33
27 51
2 61
56 69
37 94
6 76
3 35
95 99
81 91
68 73
6 94
17 23
65 82
10 77
51 67
79 86
26 96
5 25
26 78
22 52
56 84
49 91
13 61
44 79
46 49
7 30
28 80
1 23
66 94
17 70
65 76
10 55
72 93
62 85
26 99
8 22
33 78
48 52
64 69
44 89
81 94
53 84
7 20
80 96
1 84
23 88
68 94
10 80
62 72
5 73
22 44
14 25
3 54
52 85
6 82
59 99
20 44
65 81
7 23
26 80
66 99
74 83
8 72
33 73
22 93
49 55
71 78
3 46
52 70
3 92
27 44
73 81
14 92
7 79
74 80
66 96
27 89
17 72
6 83
6 96
34 58
3 74
18 52
21 28
2 13
93 98
61 81
65 92
27 70
7 22
16 66
49 68
79 88
83 96
30 67
66 87
58 62
44 51
3 5
59 95
63 85
56 98
13 81
82 92
28 40
7 48
16 74
40 54
1 79
48 89
21 83
73 87
26 71
8 51
2 3
6 95
59 77
53 63
76 92
33 74
5 54
56 79
30 43
28 82
48 79
83 87
14 76
71 96
51 62
74 95
59 61
21 74
18 63
35 40
7 98
5 74
54 66
40 77
47 83
79 84
23 48
8 84
18 62
14 82
6 71
24 80
58 63
26 95
5 46
56 70
44 64
59 73
6 21
51 98
49 92
8 89
2 74
16 33
16 54
73 77
47 65
43 88
48 67
18 34
71 87
20 88
24 61
46 74
1 64
41 59
92 99
2 73
54 95
76 77
14 47
8 43
46 91
21 94
24 35
10 28
54 77
24 77
47 66
9 65
6 41
54 91
30 58
33 55
30 34
37 83
25 35
2 96
17 86
5 47
9 94
41 74
25 40
87 99
12 35
82 91
13 37
27 39
34 70
6 35
62 70
65 94
20 67
33 47
9 66
43 64
8 85
56 93
30 52
6 28
69 79
55 91
37 61
23 34
53 89
68 74
35 96
59 65
18 67
62 86
6 9
25 76
40 78
84 93
69 85
80 91
10 37
20 84
5 76
68 82
26 35
65 73
10 46
86 93
9 49
71 99
26 74
6 25
61 99
48 69
37 87
35 81
81 92
33 94
17 93
41 65
10 54
67 72
44 86
6 26
66 78
52 63
27 56
91 99
29 36
13 73
44 88
46 99
7 84
40 80
23 89
16 94
60 90
17 62
13 65
10 82
18 72
24 28
1 62
2 26
22 85
5 78
3 65
43 52
58 69
8 44
68 81
30 53
7 56
73 80
1 30
23 53
10 41
20 72
73 96
22 79
25 68
3 77
1 52
6 61
40 59
21 81
7 93
66 80
40 66
13 83
46 78
3 71
52 88
61 82
37 49
13 49
5 28
3 91
55 81
68 92
7 64
5 66
17 51
33 83
18 58
3 16
34 52
21 40
23 98
80 81
10 92
70 84
7 63
78 83
26 87
58 70
51 53
3 33
46 59
8 63
20 98
76 81
55 92
2 40
74 76
28 54
79 85
1 48
59 83
87 96
41 71
51 89
3 99
61 95
25 59
63 88
13 92
6 74
54 55
43 84
40 82
44 48
83 94
14 16
5 71
58 67
16 95
59 82
13 21
51 63
35 99
58 98
49 81
49 74
26 54
77 99
37 47
49 94
30 79
48 63
8 30
18 20
14 61
24 41
22 58
46 96
56 62
64 79
59 76
21 33
72 98
40 65
85 89
74 99
5 16
54 68
55 77
47 77
43 53
40 41
48 64
18 23
24 87
56 88
24 73
26 46
64 89
59 80
21 78
16 49
30 72
46 54
77 80
28 73
47 87
9 54
43 85
91 95
21 68
35 71
10 40
71 77
47 80
9 10
43 69
41 61
27 69
78 91
6 55
64 72
35 77
96 99
51 86
47 96
9 87
22 43
16 41
25 28
49 87
9 81
61 91
37 74
34 56
33 35
65 95
62 67
15 50
47 99
9 26
43 67
14 99
20 93
52 84
6 40
44 69
13 91
37 82
42 60
1 53
16 68
16 35
21 65
10 94
67 93
70 86
47 49
9 96
13 25
14 49
30 93
8 69
41 91
37 54
20 30
2 49
55 76
35 91
33 68
35 66
65 96
10 95
23 86
40 71
13 26
25 61
40 61
7 69
14 37
9 35
81 83
27 64
23 27
82 94
17 44
65 80
10 78
26 33
25 78
78 80
52 64
51 69
2 91
13 55
44 53
2 46
8 23
68 71
74 94
17 20
10 61
34 72
24 40
62 89
1 22
25 95
78 96
3 10
52 69
17 69
38 75
44 85
46 81
7 70
55 80
11 39
23 44
46 94
10 13
56 72
22 88
25 94
3 87
52 89
2 37
28 59
49 76
59 81
92 95
7 18
28 66
17 58
76 83
22 63
78 95
3 24
52 53
5 40
3 37
5 81
92 94
7 67
55 66
82 83
5 96
53 58
3 76
21 99
79 98
41 81
59 92
30 70
26 66
2 68
48 84
25 83
27 67
74 87
56 58
51 88
3 6
59 68
63 89
33 40
62 98
40 99
73 92
13 74
12 75
8 79
48 85
46 83
5 87
14 26
71 80
1 51
3 49
82 95
59 78
21 80
63 79
41 92
61 74
54 73
27 43
82 99
49 99
48 53
68 83
14 74
55 71
58 64
76 95
33 59
21 76
63 72
2 35
17 98
41 54
2 77
27 86
47 91
22 48
18 89
14 87
6 14
24 26
46 95
46 73
20 56
23 64
13 59
21 82
28 65
1 89
16 96
54 94
5 77
47 54
18 43
28 41
18 93
70 88
24 55
46 66
8 64
21 25
16 99
72 84
40 73
41 77
24 47
9 77
1 43
41 55
28 83
14 24
91 94
21 46
14 35
14 77
41 47
9 71
7 43
41 82
69 84
25 91
37 66
55 61
51 64
35 54
40 96
72 86
47 73
9 14
43 63
41 76
2 25
79 93
27 88
28 99
6 91
16 37
27 85
1 34
35 82
46 65
8 67
48 86
2 47
9 41
2 14
62 93
28 49
69 93
76 91
33 37
53 85
66 68
35 74
25 65
10 68
23 67
56 86
5 9
25 41
69 89
37 77
73 76
35 92
6 68
73 94
5 65
10 21
34 86
2 9
28 71
26 76
25 82
13 78
28 61
37 71
37 81
61 94
17 79
65 66
10 25
51 72
26 82
25 54
41 78
52 67
69 72
28 91
5 13
28 46
23 62
24 68
13 94
17 89
6 10
72 88
24 99
8 62
26 49
22 56
25 46
73 78
3 59
2 76
1 44
84 98
81 95
27 53
7 85
80 82
1 27
23 79
94 95
10 76
70 72
22 53
40 55
3 14
8 52
37 99
78 81
46 92
7 34
61 66
30 84
17 64
80 83
4 57
22 72
78 94
3 41
44 52
5 99
3 83
81 96
25 92
7 17
66 73
61 83
58 88
3 13
8 20
2 21
44 98
26 81
21 92
68 99
30 48
77 83
16 87
24 71
1 58
34 51
3 61
59 94
20 63
28 33
8 98
92 96
100 485
69 86
39 82
9 67
35 72
46 69
26 60
13 18
45 77
65 84
6 19
46 55
10 90
61 71
47 90
3 65
9 14
49 76
53 72
1 3
5 85
5 93
14 89
25 76
12 96
20 100
39 58
56 81
55 79
25 95
1 35
48 94
29 30
31 34
17 87
16 68
57 59
63 90
49 58
40 57
47 74
9 76
69 97
19 30
22 66
33 100
50 74
33 73
41 98
45 91
36 85
26 94
40 73
57 88
18 99
59 87
54 92
28 75
84 90
48 61
27 66
11 81
4 69
41 100
12 54
42 95
60 62
30 33
22 77
20 78
51 53
32 84
26 34
24 82
24 64
32 81
16 38
1 81
3 43
5 92
76 82
10 53
18 97
14 67
16 45
56 72
23 84
21 60
10 47
2 71
64 66
71 75
49 88
70 84
11 65
14 58
15 61
59 98
53 70
9 39
5 78
9 89
76 95
29 96
30 78
35 81
48 55
42 68
41 57
53 91
17 88
67 87
38 68
58 82
40 59
74 90
26 69
47 56
75 83
3 37
13 69
19 41
62 97
93 99
66 91
30 98
22 45
33 40
46 94
34 69
18 85
7 15
28 61
61 79
11 37
15 75
52 88
70 90
16 77
54 93
24 95
20 93
60 69
13 86
51 77
20 29
6 78
10 45
50 51
68 82
1 32
64 80
36 97
16 91
1 37
13 62
35 56
79 83
29 100
42 80
23 65
21 55
4 21
2 15
22 64
63 74
11 32
57 98
9 52
15 31
40 88
9 58
12 44
25 42
6 12
78 96
19 78
50 53
21 83
6 29
32 35
36 86
73 87
87 88
38 64
2 7
71 79
44 85
54 99
10 74
26 62
35 47
31 75
4 46
12 99
62 92
20 54
38 95
30 41
22 91
44 86
7 71
2 28
11 23
8 11
59 88
88 89
47 70
36 69
52 67
24 39
46 97
6 93
13 92
50 77
45 53
6 33
4 55
68 80
27 64
14 49
1 8
8 43
5 96
49 89
12 93
19 20
25 58
23 56
31 79
48 83
35 65
39 95
29 33
31 55
17 57
34 55
22 68
21 94
2 79
63 70
14 52
25 49
15 83
72 74
67 89
47 72
55 75
12 20
19 100
16 66
93 96
10 50
41 73
51 91
36 92
60 94
17 73
18 86
52 57
85 92
54 85
15 28
35 90
44 99
27 77
26 36
37 81
4 26
46 60
73 100
62 86
13 85
51 74
4 34
80 82
24 38
4 31
38 66
27 68
59 67
39 42
67 76
32 72
1 43
19 93
81 84
6 100
29 41
24 80
10 70
2 61
16 64
15 71
14 88
56 70
72 90
14 76
61 75
87 98
8 65
9 49
53 90
12 85
5 20
76 89
58 76
58 95
6 96
21 79
25 39
50 70
23 35
34 48
27 42
31 94
17 41
63 91
17 59
66 68
57 87
17 40
70 74
26 97
47 84
8 37
62 69
19 33
13 97
96 99
66 77
30 100
33 41
40 41
50 91
36 44
4 94
73 98
18 54
92 99
28 71
56 90
61 83
16 27
37 43
4 97
5 54
82 95
78 93
13 60
6 20
29 78
45 74
51 63
35 84
34 60
38 82
24 27
23 32
27 80
65 81
14 59
53 74
86 97
49 67
16 51
72 84
58 89
56 84
17 33
24 42
23 81
21 46
1 65
10 72
2 75
64 77
53 63
37 65
14 25
17 98
15 48
9 95
44 96
25 80
39 76
20 96
78 100
83 94
21 48
38 42
34 94
17 52
87 89
27 38
42 58
40 87
13 26
32 47
75 79
19 73
5 99
51 66
18 62
30 40
22 50
33 98
86 99
18 44
7 61
3 11
52 59
67 88
70 72
52 89
39 80
16 22
46 62
54 96
80 95
29 93
60 97
13 36
77 91
45 63
45 51
6 30
24 66
32 65
38 80
64 91
40 98
3 8
1 11
5 12
32 56
48 79
31 83
19 29
21 31
1 23
55 94
21 34
10 56
10 63
49 52
39 49
15 79
23 47
9 25
5 44
25 82
12 78
50 63
55 83
63 77
31 48
18 36
57 73
86 92
57 67
52 87
44 92
7 28
71 83
85 99
44 54
22 27
3 81
48 75
4 60
26 46
98 100
36 62
30 73
22 51
45 50
85 86
24 68
42 82
34 46
18 92
64 68
23 37
11 43
59 89
100 1190
40 89
40 86
37 40
19 40
40 75
26 40
40 97
40 88
40 72
40 42
35 40
40 54
40 96
6 40
40 80
25 40
13 40
5 40
18 40
28 40
40 45
14 40
7 30
30 86
30 37
19 30
30 75
26 30
30 97
30 88
30 72
23 30
30 91
30 54
30 96
30 39
30 85
30 50
30 56
30 94
30 76
30 71
63 86
37 63
19 63
63 75
26 63
63 97
63 88
63 72
23 63
42 63
63 91
8 63
51 63
18 63
28 63
14 63
37 89
19 89
75 89
26 89
89 97
88 89
72 89
41 89
89 98
36 89
8 89
57 89
6 89
22 89
21 89
13 89
44 89
45 89
3 89
37 48
19 48
48 75
26 48
48 97
48 88
48 72
48 83
48 59
48 50
48 84
48 68
22 48
48 71
44 48
3 48
7 37
7 19
7 75
7 26
7 97
7 88
7 72
7 31
1 7
7 42
7 17
7 82
7 65
7 64
7 73
7 33
7 71
5 7
7 34
7 81
7 55
7 49
37 86
19 86
75 86
26 86
86 97
86 88
72 86
58 86
17 86
86 98
66 86
54 86
86 96
25 86
22 86
33 86
5 86
77 86
37 97
37 88
23 37
37 78
31 37
37 67
37 60
20 37
37 46
1 37
17 37
37 87
37 83
37 96
37 64
37 85
33 37
37 94
21 37
37 70
37 44
28 37
19 26
19 23
19 78
19 31
19 67
19 60
19 20
19 46
19 41
19 95
19 98
19 66
19 74
19 36
6 19
19 84
19 33
19 32
19 51
3 19
75 97
23 75
75 78
31 75
67 75
60 75
20 75
46 75
1 75
75 91
75 98
74 75
43 75
54 75
56 75
75 94
70 75
44 75
18 75
23 26
26 78
26 31
26 67
26 60
20 26
26 46
26 91
26 47
26 35
26 36
26 87
26 59
6 26
26 39
26 38
2 26
26 69
26 71
26 32
26 44
18 26
26 49
72 97
23 97
78 97
31 97
67 97
60 97
20 97
46 97
42 97
17 97
8 97
61 97
50 97
22 97
69 97
70 97
97 99
81 97
28 97
45 97
3 97
23 88
78 88
31 88
67 88
60 88
20 88
46 88
9 88
47 88
17 88
74 88
87 88
57 88
10 88
80 88
88 93
11 88
29 88
70 88
32 88
4 88
81 88
23 72
72 78
31 72
67 72
60 72
20 72
46 72
9 72
72 82
57 72
72 83
65 72
64 72
6 72
72 85
22 72
33 72
5 72
62 72
18 72
3 72
24 72
23 46
1 23
23 58
23 41
23 42
23 95
9 23
23 91
23 98
23 66
23 74
23 61
23 39
23 56
23 90
23 70
23 34
23 53
23 51
23 45
23 100
14 23
23 24
20 78
1 78
58 78
41 78
42 78
78 95
9 78
78 91
47 78
17 78
78 98
43 78
78 87
78 80
25 78
34 78
4 78
78 92
53 78
78 81
44 78
28 78
49 78
20 31
1 31
31 58
31 41
31 42
31 95
9 31
31 91
15 31
31 87
31 57
6 31
27 31
31 85
31 50
31 38
31 76
21 31
31 51
31 77
31 81
31 100
31 55
1 67
58 67
41 67
42 67
67 95
9 67
67 91
67 87
57 67
67 83
64 67
67 93
27 67
53 67
16 67
1 60
58 60
41 60
42 60
60 95
9 60
60 91
47 60
60 98
57 60
60 96
59 60
11 60
27 60
60 73
22 60
21 60
60 71
60 62
60 99
12 60
24 60
1 20
20 58
20 41
20 42
20 95
9 20
20 91
20 43
8 20
20 54
20 59
20 52
20 68
20 90
20 21
13 20
20 32
20 34
16 20
20 44
20 45
20 100
14 20
1 46
46 58
41 46
42 46
46 95
9 46
46 91
17 46
43 46
46 87
46 73
13 46
46 62
4 46
1 58
1 95
1 9
1 47
1 15
1 17
1 98
1 35
1 66
1 74
1 39
1 13
1 32
1 81
1 16
1 24
58 95
47 58
15 58
17 58
58 98
35 58
58 66
58 74
10 58
58 84
58 69
5 58
34 58
12 58
55 58
41 47
15 41
17 41
41 98
35 41
41 66
41 74
41 82
41 87
41 64
33 41
5 41
4 41
3 41
24 41
42 47
15 42
17 42
42 98
35 42
42 66
42 74
42 82
42 87
42 61
42 96
10 42
27 42
29 42
42 56
2 42
4 42
42 51
14 42
42 49
24 42
47 95
15 95
17 95
95 98
35 95
66 95
74 95
87 95
61 95
95 96
64 95
93 95
68 95
56 95
70 95
32 95
45 95
79 95
9 47
9 15
9 17
9 98
9 35
9 66
9 74
9 57
9 61
9 93
9 71
9 13
9 12
9 53
9 49
9 24
47 91
15 91
17 91
91 98
35 91
66 91
74 91
83 91
65 91
29 91
21 91
55 91
24 91
35 47
36 47
47 82
43 47
47 87
8 47
47 57
47 83
47 80
38 47
47 84
4 47
12 47
15 98
15 36
15 82
15 43
15 87
8 15
15 57
15 83
10 15
15 59
6 15
15 93
2 15
15 69
15 94
15 21
15 53
15 77
15 49
17 36
17 82
17 43
17 87
8 17
17 57
17 83
10 17
17 59
17 80
17 29
17 68
17 32
17 81
17 18
3 17
36 98
82 98
43 98
87 98
8 98
57 98
83 98
96 98
6 98
93 98
90 98
70 98
5 98
62 98
12 98
81 98
16 98
55 98
35 36
35 82
35 43
35 87
8 35
35 57
35 83
35 38
35 70
4 35
35 44
3 35
35 49
24 35
36 66
66 82
43 66
66 87
8 66
57 66
66 83
29 66
50 66
38 66
25 66
56 66
66 69
66 76
13 66
66 99
34 66
51 66
66 77
49 66
24 66
36 74
74 82
43 74
74 87
8 74
57 74
74 83
54 74
74 96
65 74
6 74
29 74
74 84
2 74
51 74
74 100
14 74
36 43
36 54
36 61
36 96
36 65
10 36
36 59
36 64
36 85
36 50
36 38
25 36
2 36
36 69
36 92
36 53
36 100
54 82
61 82
82 96
65 82
10 82
59 82
64 82
82 93
38 82
70 82
34 82
51 82
82 100
55 82
8 43
43 57
43 83
43 54
43 61
43 96
43 65
10 43
43 59
43 64
43 80
27 43
43 68
33 43
43 71
43 51
43 77
43 44
3 43
57 87
54 87
61 87
87 96
65 87
10 87
59 87
64 87
6 87
80 87
39 87
73 87
29 87
50 87
33 87
62 87
34 87
51 87
81 87
87 100
49 87
8 54
8 61
8 96
8 65
8 10
8 59
8 64
8 27
8 39
8 52
8 84
8 25
8 71
8 62
8 32
8 34
8 92
8 81
3 8
8 24
54 57
57 61
57 96
57 65
10 57
57 59
57 64
57 90
57 70
57 100
49 57
54 83
61 83
83 96
65 83
10 83
59 83
64 83
2 83
69 83
70 83
71 83
77 83
44 83
18 83
45 83
6 54
54 80
54 93
11 54
27 54
39 54
54 73
54 94
12 54
54 81
45 54
24 54
61 64
6 61
61 80
61 93
11 61
27 61
39 61
61 73
61 90
61 76
21 61
61 62
61 99
61 92
45 61
14 61
64 96
6 96
80 96
93 96
11 96
27 96
39 96
73 96
85 96
29 96
76 96
62 96
4 96
12 96
81 96
96 100
14 96
6 65
65 80
65 93
11 65
27 65
39 65
65 73
22 65
65 70
10 64
6 10
10 80
10 93
10 11
10 27
10 39
10 73
10 85
10 21
10 70
10 13
10 14
6 59
59 80
59 93
11 59
27 59
39 59
59 73
59 68
56 59
2 59
4 59
51 59
28 59
6 64
64 80
64 93
11 64
27 64
39 64
64 73
38 64
56 64
62 64
64 92
53 64
64 100
55 64
6 39
6 52
6 85
6 29
6 50
6 38
6 84
6 25
6 53
6 28
6 79
11 80
52 80
80 85
29 80
50 80
38 80
80 84
25 80
76 80
44 80
3 80
80 100
79 80
24 80
52 93
85 93
29 93
50 93
38 93
84 93
25 93
56 93
2 93
69 93
76 93
34 93
77 93
45 93
3 93
55 93
14 93
11 52
11 85
11 29
11 50
11 38
11 84
11 25
11 22
11 34
11 12
11 77
11 18
11 79
11 24
27 39
27 52
27 85
27 29
27 50
27 38
27 84
25 27
27 70
13 27
27 99
27 77
3 27
14 27
39 52
39 85
29 39
39 50
38 39
39 84
25 39
22 39
13 39
39 100
39 55
52 73
73 85
29 73
50 73
38 73
73 84
25 73
70 73
51 73
24 73
52 68
22 52
52 56
2 52
52 69
52 90
33 52
16 52
84 85
68 85
22 85
56 85
2 85
69 85
85 90
33 85
16 85
44 85
79 85
29 68
22 29
29 56
2 29
29 69
29 90
29 33
29 94
29 32
4 29
29 92
25 50
50 68
22 50
50 56
2 50
50 69
50 90
33 50
4 50
50 77
18 50
3 50
38 84
38 68
22 38
38 56
2 38
38 69
38 90
33 38
13 38
38 62
12 38
38 53
68 84
22 84
56 84
2 84
69 84
84 90
33 84
84 99
4 84
77 84
44 84
18 84
25 68
22 25
25 56
2 25
25 69
25 90
25 33
25 94
25 99
25 100
24 25
56 68
68 94
68 76
21 68
68 70
68 71
13 68
5 68
34 68
55 68
22 94
22 76
21 22
22 70
22 71
13 22
5 22
22 45
3 22
2 56
56 94
56 76
21 56
56 70
56 71
13 56
5 56
4 56
56 81
16 56
55 56
56 79
2 69
2 94
2 76
2 21
2 70
2 71
2 13
2 5
2 99
2 18
2 28
2 100
2 79
69 94
69 76
21 69
69 70
69 71
13 69
5 69
55 69
49 69
24 69
33 90
90 94
76 90
21 90
70 90
71 90
13 90
5 90
90 92
77 90
55 90
33 94
33 76
21 33
33 70
33 71
13 33
5 33
12 33
33 77
33 81
33 100
33 55
33 49
70 94
71 94
13 94
4 94
51 94
94 100
62 76
51 76
49 76
21 70
21 44
34 70
44 70
70 79
24 70
5 71
34 71
12 71
53 71
71 77
71 100
13 99
13 34
4 13
13 92
13 44
5 92
5 81
5 24
32 99
92 99
45 99
55 99
14 99
32 81
16 32
34 77
3 34
34 55
24 34
3 4
4 79
53 92
45 92
3 92
92 100
55 92
24 92
12 51
12 18
3 12
53 77
53 81
44 53
53 55
51 77
45 51
51 79
77 81
28 77
81 100
49 81
24 81
18 44
3 44
44 100
18 45
3 28
28 49
45 55
55 100
79 100
49 100
24 100
14 49
100 1032
77 94
94 96
15 94
94 97
27 94
78 94
12 94
66 94
43 94
39 94
41 94
73 94
75 94
88 94
10 94
49 94
7 94
16 94
21 94
4 34
15 34
34 97
27 34
34 78
12 34
34 66
5 34
34 85
34 51
34 79
19 34
33 34
32 34
21 34
15 77
77 97
27 77
77 78
12 77
66 77
44 77
73 77
74 77
77 88
77 99
35 77
70 77
9 77
65 77
77 81
50 77
15 71
71 97
27 71
71 78
12 71
66 71
37 71
39 71
31 71
41 71
71 85
6 71
51 71
71 84
14 71
2 71
15 96
96 97
27 96
78 96
12 96
66 96
91 96
18 96
70 96
16 96
17 96
59 96
4 15
4 97
4 27
4 78
4 12
4 66
4 55
4 5
4 76
4 86
4 61
4 39
4 64
4 74
4 88
4 30
4 26
4 70
4 68
4 16
4 23
4 56
4 28
15 27
12 15
15 55
15 43
5 15
15 80
15 62
15 76
15 44
15 41
15 91
15 22
15 57
15 52
15 68
15 25
1 15
15 36
15 23
15 50
15 87
27 97
55 97
43 97
5 97
80 97
62 97
76 97
91 97
83 97
51 97
30 97
18 97
24 97
42 97
33 97
50 97
27 55
27 43
5 27
27 80
27 62
27 76
27 54
27 86
27 85
27 51
27 88
27 92
27 79
25 27
16 27
27 81
27 46
27 69
55 78
43 78
5 78
78 80
62 78
76 78
54 78
78 93
64 78
78 85
78 82
58 78
12 55
12 43
5 12
12 80
12 62
12 76
12 73
11 12
12 30
12 18
12 72
12 49
7 12
12 36
12 81
12 19
12 33
12 21
12 46
55 66
43 66
5 66
66 80
62 66
66 76
44 66
61 66
41 66
66 74
11 66
35 66
66 79
66 82
18 66
66 90
63 66
32 66
46 66
2 66
55 76
54 55
44 55
55 86
55 98
55 61
55 60
45 55
53 55
40 55
55 75
11 55
30 55
55 82
55 89
55 63
9 55
55 84
55 81
55 59
5 43
43 54
43 44
43 86
43 98
43 61
43 60
3 43
6 43
43 48
25 43
43 49
32 43
43 50
21 43
43 69
5 54
5 44
5 86
5 98
5 61
5 60
5 10
5 18
5 72
5 25
5 7
5 84
5 81
54 80
44 80
80 86
80 98
61 80
60 80
38 80
11 80
72 80
2 80
54 62
44 62
62 86
62 98
61 62
60 62
38 62
41 62
3 62
62 75
11 62
62 99
35 62
62 79
22 62
8 62
36 62
47 62
56 62
62 69
54 76
44 76
76 86
76 98
61 76
60 76
45 76
53 76
76 93
74 76
6 76
76 92
22 76
20 76
26 76
72 76
25 76
8 76
46 76
28 76
37 54
38 54
45 54
53 54
39 54
31 54
54 93
26 54
52 54
54 63
7 54
23 54
32 54
54 56
21 54
28 54
54 67
37 44
38 44
44 45
44 53
39 44
31 44
40 44
11 44
30 44
42 44
19 44
44 46
61 86
37 86
38 86
45 86
53 86
39 86
31 86
40 86
64 86
75 86
57 86
25 86
8 86
42 86
23 86
56 86
61 98
37 98
38 98
45 98
53 98
39 98
31 98
40 98
64 98
92 98
98 99
79 98
24 98
13 98
90 98
9 98
33 98
32 98
58 98
69 98
37 61
38 61
45 61
53 61
39 61
31 61
61 93
61 74
61 68
61 90
9 61
37 60
38 60
45 60
53 60
39 60
31 60
41 60
60 91
60 85
6 60
60 82
13 60
60 68
49 60
7 60
60 65
28 60
2 60
37 53
37 41
37 91
37 40
3 37
37 93
37 64
37 83
37 79
37 82
22 37
37 89
26 37
37 52
28 37
38 41
38 91
38 40
3 38
38 93
38 64
38 99
38 79
38 68
1 38
38 59
23 38
39 45
41 45
45 91
40 45
3 45
45 93
45 64
45 74
11 45
45 82
26 45
45 52
45 72
14 45
45 47
45 46
45 69
41 53
53 91
40 53
3 53
53 93
53 64
53 92
53 57
53 95
48 53
53 65
19 53
33 53
14 53
31 39
39 41
39 91
39 40
3 39
39 93
39 64
11 39
39 88
30 39
26 39
24 39
39 57
39 48
9 39
39 49
39 65
16 39
36 39
23 39
39 67
31 41
31 91
31 40
3 31
31 93
31 64
11 31
31 99
31 35
31 52
31 48
31 81
31 46
31 69
41 91
41 64
41 85
41 83
41 73
41 74
6 41
41 51
41 75
41 63
21 41
85 91
83 91
73 91
74 91
6 91
51 91
91 92
24 91
91 95
9 91
81 91
32 91
3 40
40 85
40 83
40 73
40 74
6 40
40 51
40 99
20 40
1 40
40 84
36 40
40 46
2 40
3 85
3 83
3 73
3 74
3 6
3 51
3 88
3 30
3 82
3 24
3 42
3 36
3 19
3 23
85 93
83 93
73 93
74 93
6 93
51 93
93 95
52 93
48 93
9 93
8 93
14 93
32 93
64 85
64 83
64 73
64 74
6 64
51 64
35 64
64 82
64 100
26 64
64 70
32 64
46 64
28 64
6 85
75 85
11 85
85 88
85 92
85 99
35 85
82 85
13 85
57 85
7 85
67 85
75 83
11 83
83 88
83 92
83 99
35 83
83 100
83 89
26 83
70 83
72 83
23 83
14 83
47 83
50 83
73 75
11 73
73 88
73 92
73 99
35 73
30 73
73 82
18 73
26 73
73 95
48 73
68 73
73 81
33 73
21 73
67 73
74 75
11 74
74 88
74 92
74 99
35 74
24 74
70 74
74 95
49 74
42 74
33 74
14 74
21 74
6 75
6 11
6 88
6 92
6 99
6 35
6 48
6 90
6 8
6 59
51 75
11 51
51 88
51 92
51 99
35 51
51 79
75 92
75 79
30 75
10 75
75 82
18 75
75 100
13 75
52 75
63 75
1 75
17 75
75 81
59 75
14 75
46 75
11 79
11 30
10 11
11 82
11 18
11 100
11 57
11 42
11 36
11 19
79 88
30 88
10 88
82 88
18 88
88 100
26 88
88 90
63 88
9 88
49 88
8 88
2 88
79 92
30 92
10 92
82 92
18 92
92 100
89 92
24 92
70 92
84 92
33 92
14 92
21 92
79 99
30 99
10 99
82 99
18 99
99 100
8 99
35 79
30 35
10 35
35 82
18 35
35 100
24 35
29 35
35 70
35 52
35 48
35 56
21 35
22 79
20 79
79 89
26 79
24 79
13 79
79 90
16 79
79 81
32 79
50 79
28 79
22 30
20 30
30 89
26 30
24 30
13 30
30 52
9 30
17 30
19 30
30 58
2 30
30 67
10 22
10 20
10 89
10 26
10 24
10 13
10 29
10 57
10 25
10 42
10 65
10 81
10 87
82 100
22 82
20 82
82 89
26 82
24 82
13 82
48 82
63 82
36 82
19 82
59 82
18 22
18 20
18 89
18 26
18 24
13 18
18 95
18 36
18 23
14 18
18 46
18 87
22 100
20 100
89 100
26 100
24 100
13 100
72 100
32 100
28 100
22 89
22 29
22 57
22 70
22 95
22 52
22 72
22 48
22 90
22 36
14 22
22 47
20 24
13 20
20 29
20 57
20 70
20 95
20 52
20 72
20 68
20 49
20 58
13 89
29 89
57 89
70 89
89 95
52 89
72 89
48 89
63 89
49 89
1 89
67 89
13 26
26 29
26 57
26 70
26 95
26 52
26 72
26 90
26 65
26 81
26 33
14 26
2 26
26 87
24 29
24 57
24 70
24 95
24 52
24 72
7 24
14 24
24 56
13 29
13 57
13 70
13 95
13 52
13 72
13 48
9 13
13 49
1 13
13 36
13 87
29 48
29 68
25 29
29 90
29 63
9 29
29 59
29 32
21 29
29 87
29 67
57 70
48 57
57 68
25 57
57 90
57 63
9 57
57 59
47 57
50 57
21 57
57 69
57 67
48 70
68 70
25 70
70 90
63 70
9 70
49 70
50 70
52 95
48 95
68 95
25 95
90 95
63 95
9 95
8 95
65 95
36 95
19 95
59 95
69 95
48 52
52 68
25 52
52 90
52 63
9 52
52 81
52 59
23 52
21 52
52 87
52 67
48 72
68 72
25 72
72 90
63 72
9 72
33 72
23 72
58 72
69 72
67 72
48 49
8 48
42 48
7 48
48 65
16 48
48 59
48 69
48 87
49 68
8 68
42 68
7 68
65 68
16 68
36 68
32 68
28 68
25 90
25 49
8 25
25 42
7 25
25 65
16 25
25 84
25 56
25 46
49 90
8 90
42 90
7 90
65 90
16 90
84 90
81 90
49 63
8 63
42 63
7 63
63 65
16 63
36 63
14 63
63 67
9 49
8 9
9 42
7 9
9 65
9 16
9 84
9 17
9 59
9 87
42 49
19 49
33 49
32 49
47 49
49 56
8 59
8 56
16 42
42 47
42 50
42 87
7 59
7 23
7 50
7 58
7 67
65 84
23 65
46 65
16 81
16 47
16 56
16 87
1 21
1 28
69 84
2 84
17 59
17 23
14 17
17 21
2 17
17 87
36 81
36 50
36 87
21 81
19 67
56 59
32 33
33 58
33 87
23 32
14 69
28 47
46 56
28 50
46 87
100 875
32 96
11 96
49 96
65 96
27 96
36 96
76 96
81 96
87 96
1 96
30 96
42 96
9 96
29 32
11 29
29 49
29 65
27 29
29 41
29 33
20 29
29 84
29 85
29 89
2 29
29 39
29 51
29 61
10 29
70 72
32 72
11 72
49 72
65 72
27 72
72 82
40 72
19 72
72 95
71 72
32 70
11 70
49 70
65 70
27 70
70 98
69 70
70 95
70 89
2 70
70 93
7 70
70 75
14 70
32 43
11 43
43 49
43 65
27 43
43 74
41 43
20 43
15 43
43 84
43 59
43 77
43 93
43 44
7 43
43 56
17 43
11 32
27 32
25 32
32 74
24 32
32 50
31 32
32 73
18 32
32 71
32 51
30 32
32 68
11 25
11 74
11 24
11 50
11 31
11 86
11 82
11 71
2 11
11 48
8 11
11 68
11 63
25 49
49 74
24 49
49 50
31 49
33 49
49 84
49 76
44 49
7 49
49 66
49 100
49 56
25 65
65 74
24 65
50 65
31 65
65 91
28 65
15 65
5 65
37 65
59 65
60 65
46 65
65 90
8 65
25 27
27 74
24 27
27 50
27 31
27 91
27 62
27 89
27 35
27 51
27 53
27 67
27 75
27 68
27 78
17 27
25 91
25 97
25 83
25 62
25 86
25 98
18 25
25 38
25 36
25 53
25 44
25 88
25 64
50 74
74 91
74 97
74 83
62 74
74 86
74 98
71 74
60 74
53 74
57 74
6 74
74 88
24 91
24 97
24 83
24 62
24 86
20 24
24 47
24 35
24 38
24 76
24 26
7 24
8 24
14 24
17 24
50 91
50 97
50 83
50 62
50 86
50 92
50 89
50 60
36 50
50 93
50 53
23 50
4 50
30 50
50 66
42 50
50 100
50 52
31 91
31 97
31 83
31 62
31 86
31 41
18 31
31 37
31 53
23 31
26 31
31 67
31 68
91 97
86 91
41 91
82 91
28 91
91 98
73 91
40 91
20 91
15 91
2 91
37 91
59 91
48 91
3 91
57 91
21 91
52 91
41 97
82 97
28 97
97 98
73 97
19 97
85 97
97 99
38 97
2 97
13 97
3 97
26 97
4 97
6 97
8 97
52 97
83 86
41 83
82 83
28 83
83 98
73 83
40 83
37 83
83 93
7 83
63 83
41 62
62 82
28 62
62 98
62 73
47 62
12 62
37 62
13 62
62 93
54 62
62 88
41 86
82 86
28 86
86 98
73 86
45 86
16 86
39 86
53 86
26 86
4 86
86 87
21 86
6 86
42 86
86 88
8 86
34 86
52 86
56 86
40 41
33 41
20 41
18 41
15 41
13 41
7 41
41 67
41 64
17 41
73 82
40 82
33 82
20 82
18 82
15 82
12 82
36 82
82 93
76 82
66 82
82 88
68 82
28 40
28 33
20 28
18 28
15 28
19 28
16 28
3 28
28 36
28 93
28 53
28 94
28 56
40 98
33 98
20 98
18 98
15 98
2 98
59 98
93 98
53 98
44 98
87 98
54 98
67 98
98 100
17 98
40 73
33 73
20 73
18 73
15 73
73 89
35 73
51 73
44 73
21 73
73 75
40 47
40 45
19 40
40 84
40 69
40 71
39 40
14 40
18 33
33 47
33 45
19 33
33 84
33 69
33 95
33 38
33 44
7 33
6 33
33 67
33 94
20 47
20 45
19 20
20 84
20 69
20 38
20 37
20 48
13 20
20 36
15 18
18 47
18 45
18 19
18 84
18 69
18 99
18 48
18 58
18 46
18 76
18 26
18 21
18 30
18 34
18 63
15 47
15 45
15 19
15 84
15 69
15 35
15 80
15 44
15 90
15 94
15 34
47 95
47 92
47 85
47 71
47 89
47 48
36 47
47 58
47 51
47 57
46 47
4 47
47 67
47 88
34 47
9 47
47 56
45 95
45 92
45 85
45 71
45 89
38 45
45 60
13 45
39 45
45 55
22 45
45 87
21 45
30 45
45 67
45 78
19 95
19 92
19 85
19 71
19 89
19 99
19 37
19 59
19 77
19 57
19 54
84 95
84 92
84 85
71 84
84 89
21 84
61 84
69 95
69 92
69 85
69 71
69 89
48 69
51 69
6 69
69 79
69 88
34 69
95 99
35 95
38 95
2 95
12 95
23 95
1 95
94 95
79 95
64 95
63 95
17 95
92 99
35 92
38 92
2 92
12 92
80 92
16 92
22 92
6 92
66 92
42 92
8 92
17 92
85 99
35 85
38 85
2 85
12 85
16 85
3 85
57 85
81 85
6 85
1 85
42 85
85 100
71 99
35 71
38 71
2 71
12 71
37 71
30 71
67 71
89 99
35 89
38 89
2 89
12 89
37 89
60 89
36 89
55 89
76 89
23 89
67 89
79 89
88 89
89 100
9 89
52 89
80 99
5 99
37 99
59 99
60 99
16 99
3 99
44 99
99 100
63 99
17 99
35 80
5 35
35 37
35 59
35 60
16 35
23 35
35 87
17 35
38 80
5 38
37 38
38 59
38 60
38 51
26 38
38 94
38 79
2 80
2 5
2 37
2 59
2 60
2 57
2 46
2 44
2 7
2 61
2 14
2 63
2 56
12 80
5 12
12 37
12 59
12 60
12 22
4 12
12 44
16 80
48 80
13 80
39 80
3 80
77 80
57 80
46 80
76 80
1 80
14 80
78 80
5 59
5 60
5 16
5 48
5 13
5 39
3 5
5 57
4 5
5 21
5 9
16 37
37 48
13 37
37 39
3 37
22 37
26 37
37 61
9 37
17 37
16 59
48 59
13 59
39 59
3 59
46 59
23 59
59 79
59 78
16 60
48 60
13 60
39 60
3 60
60 77
22 60
53 60
60 81
4 60
54 60
60 67
17 60
16 77
16 36
16 58
16 55
16 93
16 87
1 16
16 61
16 88
48 77
36 48
48 58
48 55
48 93
46 48
4 48
14 48
48 52
13 77
13 36
13 58
13 55
13 93
13 23
13 81
13 87
7 13
13 66
13 67
39 77
36 39
39 58
39 55
39 93
39 76
39 100
34 39
3 77
3 36
3 58
3 55
3 93
3 53
3 23
3 44
3 94
3 100
3 14
51 77
22 77
53 77
57 77
46 77
77 81
77 94
77 79
36 51
22 36
36 53
36 57
36 46
30 36
36 79
36 63
51 58
22 58
53 58
57 58
46 58
58 76
58 87
8 58
56 58
17 58
51 55
22 55
53 55
55 57
46 55
44 55
54 55
55 61
55 78
51 93
22 93
53 93
57 93
46 93
67 93
88 93
68 93
22 51
51 57
51 76
23 51
51 81
26 51
4 51
6 51
51 61
51 94
51 88
51 100
14 51
22 76
22 23
22 81
22 26
4 22
22 87
22 66
22 67
22 52
46 53
53 76
23 53
53 81
26 53
4 53
53 64
53 56
57 76
23 57
57 81
26 57
4 57
1 57
57 67
34 57
46 76
23 46
46 81
26 46
4 46
46 90
21 46
46 66
46 79
46 100
9 46
46 64
44 76
76 87
76 90
21 76
7 76
66 76
76 94
56 76
4 23
23 44
23 87
23 90
21 23
7 23
23 54
44 81
81 87
81 90
21 81
7 81
67 81
79 81
14 81
9 81
78 81
4 26
26 44
26 87
26 90
21 26
7 26
26 78
17 26
4 44
4 87
4 90
4 21
4 7
4 94
4 10
6 44
44 54
1 44
30 44
44 66
44 78
6 87
54 87
1 87
30 87
66 87
75 87
6 90
54 90
1 90
30 90
66 90
61 90
67 90
90 94
17 90
6 21
21 54
1 21
21 30
21 66
6 7
7 54
1 7
7 30
7 66
7 67
7 88
6 42
6 8
54 61
1 100
66 75
61 100
34 67
63 67
75 100
8 94
68 94
64 94
42 52
42 78
10 64
34 100
14 100
52 68
14 56
56 63
0 0
