97 400
26 47
9 84
33 55
24 92
48 86
61 76
24 66
16 47
34 46
7 55
3 86
15 30
29 96
76 88
48 59
23 97
16 84
33 95
68 92
23 95
45 78
85 87
10 85
32 35
26 89
73 91
29 95
18 36
17 57
77 95
49 51
14 50
46 82
26 49
3 17
59 92
68 97
23 50
15 88
32 58
20 21
16 29
52 74
35 61
43 45
30 76
37 63
28 68
55 92
46 85
12 29
8 69
70 72
59 85
1 58
4 17
26 34
22 36
9 81
6 27
27 65
12 32
17 43
50 91
5 79
39 54
65 75
46 92
15 57
2 30
24 47
11 96
10 78
57 78
32 72
12 72
27 32
62 70
25 80
73 78
63 78
55 61
27 70
54 82
49 76
41 63
78 84
18 43
5 72
14 29
65 76
19 93
48 61
50 63
26 52
53 60
3 42
1 46
32 37
23 45
49 69
50 77
7 46
16 62
12 44
54 79
2 97
8 20
30 75
31 91
49 95
9 17
16 77
90 97
32 70
5 15
60 64
87 88
8 47
22 35
48 70
33 57
38 70
30 35
31 58
74 78
12 43
43 47
8 27
40 88
25 31
66 82
21 97
68 76
15 50
33 65
24 42
57 75
6 25
9 57
38 83
4 71
49 73
64 69
21 62
4 26
70 91
54 62
61 72
6 42
54 80
13 92
12 55
7 64
22 69
43 64
10 81
1 44
6 11
7 18
36 85
7 40
9 13
40 77
54 77
4 83
37 50
83 94
9 96
25 62
15 55
5 13
57 64
45 93
62 88
16 17
10 43
15 66
38 94
40 52
1 4
70 76
71 86
68 84
37 73
52 55
28 40
7 30
72 91
41 58
13 33
50 87
38 43
29 97
7 69
88 97
67 81
14 42
70 71
51 61
9 32
6 40
2 72
78 88
17 58
37 55
50 59
3 8
54 55
13 83
35 58
6 69
53 83
6 95
67 95
47 78
2 6
59 82
47 63
22 39
3 61
33 61
4 62
11 36
8 31
41 55
65 82
15 16
35 91
63 79
11 93
35 40
26 95
40 61
4 67
1 71
41 56
63 85
20 59
56 59
4 44
2 44
27 92
16 39
10 37
49 70
17 38
28 80
53 72
64 80
13 50
55 70
38 58
66 90
17 82
49 50
4 13
24 34
23 77
4 43
37 67
7 14
27 85
25 69
52 75
72 81
14 16
5 69
7 83
32 92
19 26
32 50
33 51
52 82
16 43
38 82
54 88
49 74
78 82
18 49
7 72
91 92
47 81
15 56
32 83
33 91
14 39
1 50
57 77
60 85
4 25
25 87
21 25
29 41
33 46
16 34
40 63
2 77
63 87
3 91
31 93
2 22
44 81
83 86
14 46
3 7
25 54
3 45
9 66
58 63
59 62
6 70
36 50
18 61
31 96
46 81
24 36
27 49
23 79
21 43
4 21
19 23
32 61
5 40
29 59
61 91
10 42
34 63
1 87
48 93
11 35
9 55
12 36
53 95
41 50
77 85
66 83
39 58
14 34
60 88
57 74
19 28
35 86
39 68
37 84
63 66
27 66
75 76
72 90
6 74
1 30
15 58
19 63
20 56
25 51
84 93
14 79
3 38
36 65
28 38
32 33
7 20
16 36
42 69
22 90
43 67
7 89
83 88
32 66
13 96
70 83
12 66
25 94
36 72
28 61
9 42
10 33
17 26
18 33
49 92
9 22
40 84
16 64
28 96
44 74
3 14
29 31
9 73
50 67
29 83
8 30
40 91
3 81
20 76
11 17
44 65
34 96
69 97
25 40
37 72
98 300
5 31
2 41
5 44
3 97
4 36
1 17
7 82
7 25
2 84
1 83
1 6
13 30
3 7
1 64
2 5
1 11
7 55
3 69
2 48
1 56
3 86
2 63
6 95
11 22
3 62
4 57
11 27
9 36
2 89
1 28
4 52
2 27
2 68
4 10
1 67
1 54
3 64
4 82
5 77
4 16
12 56
2 32
9 16
5 21
2 47
7 75
7 22
5 87
4 62
1 84
1 31
2 17
5 63
3 12
10 36
1 12
4 15
1 78
1 49
2 11
3 18
2 54
1 38
5 64
12 74
3 39
1 96
1 43
7 8
2 37
7 78
1 87
2 95
2 18
13 79
5 50
4 78
1 68
3 11
11 35
2 74
7 51
3 73
3 28
1 73
2 12
8 28
12 36
4 31
3 17
1 33
9 25
5 67
5 30
2 38
5 80
4 37
3 55
1 16
7 77
5 56
4 48
1 5
4 30
8 72
15 70
2 64
5 53
1 71
2 79
21 71
3 68
3 27
2 49
1 63
6 58
3 44
2 60
1 44
9 20
4 47
4 58
12 95
1 19
2 86
7 31
13 72
2 24
2 69
7 93
19 53
1 66
1 53
3 67
3 22
2 50
1 58
9 79
4 83
6 74
3 84
4 17
2 33
1 47
5 7
5 20
3 60
7 17
6 27
5 33
4 63
12 23
9 38
16 82
9 96
1 3
1 88
7 47
3 77
4 69
1 77
1 48
3 94
2 55
2 96
6 87
4 22
12 62
2 34
1 42
3 83
11 14
1 20
2 81
6 36
1 86
18 67
7 33
3 10
2 30
2 75
1 91
7 50
1 14
4 13
3 72
1 72
1 51
10 53
8 29
2 13
15 39
2 56
1 32
4 43
2 39
1 98
5 42
11 75
3 54
2 82
4 49
2 20
2 65
1 4
1 70
2 3
3 71
1 75
1 62
4 29
1 35
11 69
3 32
2 40
7 70
4 59
3 53
1 18
7 30
1 92
2 66
1 7
6 49
3 4
2 4
1 65
1 52
3 66
3 25
11 49
1 57
2 51
5 75
5 6
3 87
4 92
5 19
3 63
3 48
1 29
6 47
5 61
3 14
4 75
1 2
5 98
2 71
3 76
2 9
5 12
2 52
1 36
2 97
5 78
4 23
3 82
2 35
1 41
11 18
7 23
1 85
2 16
3 13
1 90
4 72
2 72
1 13
6 63
9 98
9 53
1 79
1 50
3 92
4 86
2 57
2 98
10 90
5 65
6 81
4 97
1 97
7 9
6 19
4 39
2 83
1 22
1 80
2 94
7 88
1 27
3 8
1 8
2 77
3 29
2 15
1 61
7 61
3 91
2 58
100 405
19 55
19 87
19 59
19 88
55 87
55 59
41 55
9 55
59 87
41 87
31 87
87 98
41 59
31 59
50 59
15 59
31 41
41 50
35 41
41 58
31 50
31 35
31 44
20 31
35 50
44 50
21 50
36 50
35 44
21 35
19 35
29 35
21 44
19 44
44 55
44 48
19 21
21 55
21 87
21 68
9 88
88 98
15 88
17 88
9 98
9 15
9 58
9 54
15 98
58 98
20 98
10 98
15 58
15 20
15 36
15 67
20 58
36 58
29 58
58 77
20 36
20 29
20 48
20 47
29 36
36 48
36 68
36 83
29 48
29 68
29 88
27 29
48 68
48 88
9 48
48 89
68 88
9 68
68 98
68 71
17 54
10 17
17 67
7 17
10 54
54 67
54 77
11 54
10 67
10 77
10 47
3 10
67 77
47 67
67 83
67 69
47 77
77 83
27 77
51 77
47 83
27 47
47 89
47 85
27 83
83 89
71 83
5 83
27 89
27 71
17 27
18 27
71 89
17 89
54 89
32 89
17 71
54 71
10 71
71 80
7 11
3 7
7 69
7 94
3 11
11 69
11 51
11 63
3 69
3 51
3 85
3 4
51 69
69 85
5 69
6 69
51 85
5 51
18 51
51 73
5 85
18 85
32 85
75 85
5 18
5 32
5 80
5 53
18 32
18 80
7 18
18 60
32 80
7 32
11 32
32 96
7 80
11 80
3 80
37 80
63 94
4 94
6 94
8 94
4 63
6 63
63 73
26 63
4 6
4 73
4 75
4 64
6 73
6 75
6 53
6 72
73 75
53 73
60 73
73 86
53 75
60 75
75 96
74 75
53 60
53 96
37 53
2 53
60 96
37 60
60 94
13 60
37 96
94 96
63 96
96 100
37 94
37 63
4 37
37 70
8 26
8 64
8 72
8 62
26 64
26 72
26 86
26 28
64 72
64 86
64 74
64 82
72 86
72 74
2 72
72 79
74 86
2 86
13 86
86 99
2 74
13 74
74 100
34 74
2 13
2 100
2 70
2 25
13 100
13 70
8 13
13 49
70 100
8 100
26 100
95 100
8 70
26 70
64 70
70 97
28 62
62 82
62 79
33 62
28 82
28 79
28 99
28 84
79 82
82 99
34 82
57 82
79 99
34 79
25 79
79 90
34 99
25 99
49 99
23 99
25 34
34 49
34 95
34 45
25 49
25 95
25 97
24 25
49 95
49 97
49 62
40 49
95 97
62 95
28 95
92 95
62 97
28 97
82 97
12 97
33 84
33 57
33 90
33 52
57 84
84 90
23 84
38 84
57 90
23 57
45 57
57 78
23 90
45 90
24 90
76 90
23 45
23 24
23 40
23 65
24 45
40 45
45 92
45 56
24 40
24 92
12 24
22 24
40 92
12 40
33 40
14 40
12 92
33 92
84 92
92 93
12 33
12 84
12 57
12 30
38 52
52 78
52 76
52 81
38 78
38 76
38 65
38 61
76 78
65 78
56 78
42 78
65 76
56 76
22 76
43 76
56 65
22 65
14 65
46 65
22 56
14 56
56 93
39 56
14 22
22 93
22 30
22 91
14 93
14 30
14 52
1 14
30 93
52 93
38 93
66 93
30 52
30 38
30 78
16 30
61 81
42 81
42 61
43 81
43 61
42 43
46 81
46 61
42 46
43 46
39 81
39 61
39 42
39 43
39 46
81 91
61 91
42 91
43 91
46 91
39 91
1 81
1 61
1 42
1 43
1 46
1 39
1 91
66 81
61 66
42 66
43 66
46 66
39 66
66 91
1 66
16 81
16 61
16 42
16 43
16 46
16 39
16 91
1 16
16 66
96 301
77 94
59 88
13 19
71 91
52 91
42 81
40 67
7 20
73 93
15 35
6 46
28 85
10 45
66 82
11 64
29 96
5 25
30 91
69 93
78 87
37 43
26 47
82 93
49 74
38 43
21 60
57 58
55 94
2 17
3 86
9 51
8 36
65 72
57 89
23 76
27 73
35 39
46 84
20 55
11 15
4 16
6 96
6 29
2 5
20 42
78 82
14 54
6 84
30 86
27 87
77 92
31 41
72 95
2 22
51 74
48 59
52 86
23 24
14 16
32 57
62 70
37 63
8 64
29 65
13 18
23 49
66 73
11 35
46 96
21 85
13 34
75 76
44 48
1 4
14 31
59 68
39 64
16 83
48 88
32 34
53 70
10 17
18 89
36 39
21 28
2 45
44 62
50 79
4 54
33 80
47 86
12 61
18 19
42 94
24 75
52 71
43 67
10 22
1 41
15 56
7 92
28 33
45 90
66 87
61 85
69 82
47 71
21 61
74 76
38 40
12 60
19 58
20 94
9 24
17 25
3 91
21 80
13 57
51 75
8 39
65 84
58 89
10 90
7 77
73 87
35 36
46 72
18 34
53 88
42 55
11 56
95 96
29 84
5 17
3 30
69 87
78 93
41 54
72 84
27 82
50 63
2 25
23 74
87 93
81 94
19 32
24 51
44 70
26 86
43 63
8 15
6 65
13 89
73 78
60 85
34 58
43 79
9 75
66 69
4 41
11 36
72 96
33 61
20 92
6 95
48 68
5 90
50 67
16 31
38 63
12 80
44 59
14 83
36 64
30 71
68 88
18 32
70 88
40 63
8 35
46 65
25 45
80 85
63 79
4 31
33 60
17 90
54 83
3 71
41 83
56 64
81 92
37 67
26 30
10 25
1 14
15 36
28 61
16 41
39 56
5 45
27 66
69 78
30 47
60 61
18 58
9 74
38 67
60 80
13 58
92 94
24 76
3 52
12 21
19 57
49 51
7 42
35 56
55 77
66 93
30 52
27 69
27 78
1 54
27 93
31 83
74 75
82 87
37 38
7 94
13 32
68 70
3 26
51 76
8 56
65 95
19 89
9 23
69 73
34 57
53 62
37 79
55 92
66 78
11 39
84 96
29 95
44 68
20 77
6 72
16 54
40 50
42 92
84 95
1 31
24 74
59 62
38 50
44 88
32 58
26 52
63 67
8 11
65 96
28 80
22 45
35 64
29 46
12 85
19 34
44 53
49 75
48 62
21 33
2 90
40 43
47 52
31 54
43 50
22 25
71 86
1 83
15 64
20 81
62 88
32 89
59 70
1 16
15 39
7 55
2 10
26 71
28 60
14 41
36 56
17 45
38 79
12 33
25 90
3 47
61 80
100 3988
15 75
22 29
8 26
49 87
30 45
34 42
17 48
73 93
74 83
55 93
2 65
3 79
42 58
79 87
13 60
53 99
16 31
18 65
20 92
21 76
77 89
42 75
43 89
6 85
7 99
46 62
11 98
68 81
14 21
1 56
21 59
61 82
24 96
9 88
26 50
46 79
85 96
86 88
33 78
71 95
2 41
58 60
76 98
22 38
5 36
96 99
9 39
8 23
30 38
34 35
17 39
74 92
37 42
2 90
3 74
55 88
79 90
62 64
27 68
80 86
18 58
20 97
21 83
38 55
77 88
43 68
78 96
46 55
67 94
50 52
68 90
1 15
4 12
24 85
9 95
26 59
46 72
33 69
34 75
15 85
71 82
72 94
2 34
58 61
22 47
8 16
49 69
12 73
13 91
30 63
34 60
17 30
37 81
2 83
3 65
80 83
27 75
10 51
28 73
13 42
38 64
21 90
77 79
78 89
43 75
6 71
46 48
67 85
31 87
1 6
9 70
65 99
46 65
86 90
33 92
34 68
15 96
72 91
19 99
2 59
58 70
39 98
22 56
5 18
81 99
27 35
30 56
13 82
34 61
17 21
37 96
38 88
3 92
42 45
23 31
6 63
80 92
27 86
10 60
13 33
52 72
38 57
21 97
78 82
6 80
11 27
68 72
31 90
32 86
1 29
92 94
41 100
9 77
86 99
33 83
34 69
19 94
2 52
59 69
22 49
5 25
81 90
27 46
64 97
12 71
34 54
74 79
37 71
55 57
3 83
62 75
10 61
28 71
31 50
52 77
53 71
18 45
43 61
6 73
7 79
68 77
31 65
14 57
32 83
1 20
56 73
24 100
51 64
34 94
15 42
72 73
19 85
2 53
59 80
40 100
5 8
27 53
47 52
13 72
37 78
3 46
59 63
23 41
6 33
62 68
63 84
10 38
28 96
31 57
89 96
52 86
35 40
18 38
53 78
38 43
7 66
11 13
50 96
31 76
14 50
32 92
19 61
56 66
39 60
41 82
33 97
34 87
15 49
51 55
91 98
19 80
2 14
58 89
22 67
81 88
44 94
27 64
47 59
49 97
69 100
20 21
3 37
38 67
23 36
6 42
63 91
10 47
28 85
31 36
35 63
16 65
18 31
43 47
7 57
11 56
51 95
14 43
32 65
19 56
56 95
39 51
41 89
26 32
9 98
65 79
12 29
15 60
19 71
2 7
58 98
59 82
22 76
23 76
44 83
45 93
74 98
20 30
3 64
38 76
23 59
6 19
62 86
63 94
28 46
31 43
35 58
16 74
1 74
18 24
53 84
24 26
7 52
11 63
50 74
51 90
14 36
32 74
75 84
56 88
41 96
4 86
44 59
66 74
12 22
30 100
34 97
19 66
2 32
59 89
23 67
45 92
8 98
47 69
69 82
3 55
23 62
6 28
63 69
28 35
11 87
31 46
35 49
1 65
77 97
25 71
7 43
50 67
14 93
32 55
36 52
19 42
75 91
76 89
4 91
5 85
44 52
65 93
66 67
59 100
22 94
23 70
44 65
8 95
84 90
47 80
69 89
70 87
16 47
37 98
3 50
23 53
10 66
11 82
28 60
48 53
88 94
35 76
16 96
1 72
4 51
25 78
24 48
26 66
11 33
14 86
32 64
36 57
19 33
76 82
39 40
4 68
5 84
41 78
9 23
65 84
66 92
29 74
40 61
45 74
8 88
84 95
48 77
13 99
69 72
70 96
16 56
20 49
3 9
42 100
25 38
6 14
62 97
10 75
11 89
28 49
48 62
31 32
88 91
35 67
36 81
1 95
78 97
25 85
24 37
7 37
26 75
11 44
51 67
14 79
32 37
19 28
41 53
4 73
5 91
9 30
8 64
66 93
29 65
12 57
30 79
15 24
2 99
40 54
23 88
80 99
45 65
48 86
13 26
69 79
17 93
16 61
3 4
25 45
11 68
87 100
53 56
36 90
60 80
24 62
7 32
26 84
82 95
29 41
33 44
14 72
32 46
36 39
76 80
39 82
40 94
5 66
41 60
29 96
12 50
30 72
15 31
90 96
54 66
40 51
45 64
8 70
47 97
48 83
13 17
49 59
89 98
17 84
18 92
57 75
20 63
3 27
25 52
11 75
53 63
1 45
57 58
4 42
60 69
24 59
7 23
26 85
82 88
29 40
83 96
33 35
14 65
32 43
36 48
39 73
40 91
61 62
9 12
8 46
64 81
29 87
12 55
30 65
17 60
91 95
54 75
37 55
3 99
40 44
23 98
45 55
8 67
48 92
13 16
70 75
18 93
20 72
3 22
42 87
88 98
36 72
1 36
92 99
21 47
4 47
24 52
83 87
46 99
29 63
33 58
39 68
40 84
5 56
41 42
9 51
8 43
64 90
49 90
12 48
30 90
54 84
37 62
55 68
45 46
10 22
48 97
17 66
18 86
57 89
20 77
42 96
43 88
6 98
36 77
1 59
21 54
60 83
61 93
26 39
46 92
33 49
15 65
75 97
40 73
5 63
9 58
64 71
49 81
12 37
30 83
17 42
73 87
54 93
42 56
10 31
13 62
16 17
57 96
20 86
21 78
43 95
67 73
31 99
14 27
35 98
1 50
93 99
21 61
4 29
61 92
24 66
9 82
26 48
51 98
15 76
22 28
5 38
40 66
9 33
8 25
64 80
49 88
30 44
34 41
17 33
73 94
74 82
55 94
2 72
79 88
13 53
53 100
16 26
18 72
21 85
77 90
43 90
7 100
46 61
67 68
50 58
68 84
14 20
1 9
21 60
4 6
60 97
61 83
26 49
9 89
46 78
85 89
86 87
15 83
71 96
54 62
2 48
76 97
22 37
5 45
9 40
8 18
49 79
30 37
13 93
17 40
74 91
37 43
2 89
3 71
55 85
62 63
27 65
80 85
13 52
18 57
20 100
21 84
38 54
77 81
43 65
6 93
7 91
78 95
67 91
50 51
68 89
1 16
4 11
24 88
9 96
26 58
46 71
86 96
33 70
34 74
15 86
72 93
58 68
22 46
5 44
9 47
8 15
12 76
13 92
30 62
17 31
73 76
37 82
2 82
3 66
42 43
80 94
10 50
28 76
13 43
52 66
38 63
21 91
77 80
78 88
25 30
6 70
43 76
11 17
67 86
31 88
1 7
61 97
9 71
65 100
33 93
34 67
15 93
19 100
2 58
58 69
22 55
81 100
27 36
12 65
13 83
30 55
34 52
38 87
3 89
23 32
6 62
80 91
27 83
10 59
28 65
52 71
18 43
38 40
21 98
7 85
11 28
68 71
32 85
1 30
92 93
9 78
33 84
72 83
2 51
58 78
59 70
22 64
5 26
81 91
27 43
64 100
13 74
34 53
74 78
37 72
38 96
3 84
55 58
6 39
62 74
27 94
10 36
28 90
31 55
52 80
35 46
18 36
53 72
43 62
26 100
68 80
31 66
32 94
1 21
93 94
56 76
4 98
24 99
51 61
34 93
15 47
72 76
19 86
2 12
58 87
59 77
22 57
40 99
27 54
13 65
37 79
38 89
3 43
59 64
23 42
6 48
62 67
63 81
10 37
28 95
53 79
38 42
7 71
11 14
31 73
14 49
39 57
41 83
33 98
15 50
19 77
58 96
59 88
22 66
5 16
27 61
47 60
49 98
20 24
3 38
38 66
23 33
6 41
62 92
31 33
52 94
35 64
16 68
18 30
53 86
43 48
7 58
11 53
50 88
14 42
19 53
56 90
39 52
41 90
9 99
65 80
12 32
15 57
54 100
19 72
58 97
59 95
22 75
23 73
44 86
47 67
70 100
74 97
20 29
3 61
38 75
23 60
6 18
62 85
63 67
10 87
28 45
31 44
35 55
18 23
1 75
16 73
53 93
25 65
24 25
7 49
11 64
50 73
51 87
14 35
32 73
19 48
75 81
56 87
39 43
4 85
41 65
44 62
65 71
66 73
12 21
30 99
2 31
59 90
22 84
23 68
44 75
45 85
8 97
47 70
52 59
16 33
20 38
3 56
23 51
6 27
99 100
63 70
10 96
11 88
28 38
87 96
35 50
16 82
1 66
53 92
56 63
25 72
7 44
50 66
51 82
14 92
32 50
36 51
19 39
75 92
76 92
39 46
4 94
5 86
44 51
9 17
12 14
2 24
59 97
22 93
23 91
44 68
45 84
8 90
84 89
47 77
48 71
69 90
70 86
23 54
28 59
11 95
48 56
88 93
16 95
7 35
82 100
11 34
51 73
32 63
15 99
19 34
41 79
4 67
5 93
9 24
65 85
66 91
29 75
23 94
45 75
84 98
47 88
48 80
13 100
70 95
20 52
3 10
42 99
25 39
10 74
28 52
48 61
35 68
36 84
1 96
4 59
60 74
25 86
7 38
11 41
14 78
32 40
19 25
75 78
39 96
4 76
5 92
41 54
8 63
66 84
29 66
30 78
15 21
54 72
2 98
40 53
23 85
27 28
45 66
47 95
48 85
13 27
70 72
17 94
16 64
18 98
20 57
25 46
11 65
36 89
21 26
4 36
60 79
25 93
24 61
7 29
29 42
33 45
32 45
36 42
19 20
76 79
39 87
40 93
5 67
41 61
8 56
66 85
29 89
12 49
30 71
15 32
90 95
54 65
40 46
27 99
8 69
45 57
47 98
49 60
13 18
89 99
17 85
18 91
57 76
20 66
3 28
25 53
43 99
63 98
11 76
35 86
36 66
1 46
53 64
57 59
21 33
60 72
61 80
24 54
26 92
83 93
33 36
36 47
39 74
5 74
61 63
8 45
64 84
29 88
91 96
54 74
37 56
3 100
40 43
45 56
10 20
49 51
48 91
70 74
17 76
18 84
20 71
3 19
42 86
25 60
88 97
36 71
21 48
4 18
60 93
61 71
24 51
7 15
26 93
46 98
29 64
83 88
33 59
39 65
40 83
5 49
41 43
8 38
64 89
49 91
12 47
30 89
17 52
73 81
37 63
55 65
45 47
10 21
48 100
17 67
18 85
57 90
21 72
43 85
28 32
67 79
36 80
1 60
21 55
4 23
60 86
61 94
24 76
26 38
46 91
33 50
75 98
40 76
5 64
8 35
49 82
12 40
30 82
73 88
54 92
37 38
2 78
55 92
10 30
13 63
16 20
18 78
57 97
20 85
21 79
42 72
43 96
67 74
14 26
1 51
93 100
21 62
4 32
61 85
24 65
9 83
26 47
46 84
33 73
15 73
22 27
5 39
40 65
9 34
8 28
49 73
12 93
30 43
34 48
17 34
37 45
2 71
3 77
55 83
42 64
79 85
27 71
13 54
16 25
18 71
20 94
42 73
43 71
6 83
7 97
46 60
50 57
68 83
14 19
1 10
4 5
60 100
61 84
24 90
9 90
26 56
46 77
85 90
33 80
14 100
15 84
2 47
22 36
9 41
8 17
49 80
30 36
13 94
74 90
55 86
79 96
80 88
27 66
10 16
16 98
18 64
20 99
21 93
38 53
77 82
43 66
6 92
7 92
78 94
46 53
11 23
68 92
32 98
36 99
4 14
24 87
9 65
26 57
85 97
86 95
33 71
34 73
72 96
22 45
5 21
8 10
49 71
12 75
13 85
34 58
17 32
73 77
37 83
3 95
6 52
27 73
10 49
28 75
13 44
52 65
18 49
38 62
21 92
43 73
11 18
31 85
1 8
61 98
33 94
34 66
15 94
71 79
72 85
2 57
58 76
5 20
27 33
12 68
30 54
34 51
74 76
37 90
38 86
3 90
23 29
62 80
27 84
10 58
28 68
52 74
18 42
38 39
21 99
43 52
7 86
68 74
31 96
32 88
92 96
56 78
9 79
86 97
33 85
34 91
15 37
19 92
2 50
58 77
22 63
5 27
81 92
44 98
64 99
13 75
74 77
37 65
38 95
3 81
23 24
6 38
62 73
27 91
10 35
28 89
89 91
18 35
38 48
43 59
26 99
7 77
68 79
31 71
14 55
32 93
1 22
51 62
15 48
72 75
19 83
58 86
22 72
81 83
47 50
13 66
37 80
38 72
59 61
23 47
6 47
63 82
31 63
52 88
35 38
18 28
53 80
38 41
7 72
50 94
31 74
32 70
19 59
39 58
41 84
65 74
12 26
33 99
34 85
15 55
2 4
58 95
59 85
22 65
5 9
44 96
47 57
49 99
20 23
38 65
94 100
23 34
6 24
62 91
63 89
28 87
31 34
52 93
53 87
16 67
18 29
43 45
7 63
11 54
50 87
51 93
14 41
32 67
19 54
75 87
56 89
39 49
41 91
5 97
26 30
9 100
12 31
15 58
19 69
2 5
59 96
22 74
23 74
44 85
47 68
69 85
52 53
70 99
20 32
3 62
38 74
23 57
6 17
63 68
10 86
31 41
35 56
16 76
18 22
25 66
24 28
11 61
50 80
51 88
14 34
39 44
4 88
41 66
44 61
65 72
66 80
12 24
30 98
2 30
22 83
44 78
45 86
8 100
47 75
69 84
3 53
23 52
6 26
10 95
11 85
28 37
35 79
77 99
25 73
50 65
51 79
14 91
32 49
19 40
75 89
76 91
4 93
5 87
44 54
9 18
65 95
29 77
12 13
55 99
2 23
59 98
22 92
23 92
45 77
84 92
47 78
48 66
69 91
70 85
17 97
16 41
20 46
3 16
25 33
63 78
11 96
87 88
88 96
35 74
16 90
1 90
4 53
24 42
7 36
26 72
82 99
51 74
14 84
15 100
32 58
36 59
19 31
76 84
41 80
4 70
5 94
9 25
65 86
29 76
15 19
40 63
23 83
45 76
47 85
48 79
13 29
20 51
3 7
42 98
25 40
10 73
11 71
28 51
48 64
35 65
36 83
1 81
60 73
25 87
24 39
7 27
26 73
82 92
11 42
14 77
32 39
39 93
4 75
5 69
41 55
8 58
12 59
30 77
15 22
54 71
2 97
40 56
23 86
8 79
47 96
48 88
13 28
69 73
70 71
16 63
18 97
57 70
20 60
25 47
11 66
67 99
87 98
36 92
1 88
21 27
4 35
60 66
25 94
24 64
7 30
26 82
82 93
29 43
83 99
33 46
14 70
32 48
36 41
39 88
40 96
5 68
8 55
12 52
30 70
90 94
54 80
27 100
8 72
45 58
49 61
13 19
89 100
70 80
17 86
57 77
20 65
42 84
25 54
43 100
11 73
35 83
53 57
1 47
57 60
21 34
60 71
61 73
24 53
26 91
82 86
29 34
33 37
40 85
5 75
61 64
9 14
8 48
64 83
29 81
30 95
91 93
37 49
55 79
3 97
45 49
10 19
49 52
70 73
17 77
18 83
57 84
20 74
3 20
36 74
1 38
21 41
4 17
60 96
61 72
24 78
7 16
26 36
46 97
29 57
83 85
33 60
39 66
22 24
5 50
40 78
8 37
64 92
49 92
12 34
30 88
17 53
73 82
54 82
37 64
55 66
45 48
10 28
28 98
48 99
17 68
18 76
57 91
42 94
43 86
28 31
67 80
14 32
36 79
1 61
21 56
4 26
60 85
24 75
46 90
29 56
33 51
71 100
9 60
8 30
64 65
49 83
12 39
30 81
17 44
54 91
37 39
2 77
55 89
42 54
79 83
10 29
16 19
18 77
57 98
20 88
21 80
77 93
42 71
43 93
31 97
14 25
1 52
21 63
4 31
61 86
24 68
9 84
26 46
46 83
33 74
15 74
71 91
22 26
5 40
40 68
9 35
8 27
49 74
30 42
34 47
17 35
73 96
37 46
2 70
3 78
55 84
42 63
79 86
27 72
13 55
16 28
20 93
21 87
42 80
43 72
7 98
46 59
68 86
14 18
1 11
4 8
60 99
24 89
26 55
46 76
85 91
14 99
15 81
72 98
2 46
76 99
22 35
9 42
49 65
12 85
13 95
30 35
34 40
17 26
74 89
37 85
2 95
3 69
79 93
80 87
27 79
10 15
13 46
18 63
38 52
21 94
77 83
78 93
6 91
7 89
46 52
11 24
67 89
68 91
31 83
32 97
1 2
4 13
24 82
9 66
26 64
85 98
86 94
33 72
15 92
71 85
72 95
2 39
58 66
22 44
27 39
8 9
49 72
12 78
13 86
30 60
73 78
37 84
2 88
3 96
23 27
6 51
80 96
27 74
10 56
28 78
13 37
52 68
18 56
38 61
78 86
25 32
6 68
7 84
43 74
11 31
67 84
31 86
1 25
61 99
33 95
34 65
90 100
71 80
72 88
2 64
22 53
5 29
27 34
12 67
13 77
30 53
34 50
17 24
74 75
37 91
38 85
3 87
23 30
6 60
62 79
10 57
28 67
52 73
1 97
21 100
78 79
43 49
6 77
7 75
11 26
68 73
31 93
32 87
1 32
92 95
56 77
66 99
33 86
34 90
15 38
2 49
58 84
5 28
81 93
44 97
27 41
47 48
13 76
37 66
38 94
3 82
55 64
62 72
27 92
10 34
28 92
31 53
89 92
52 82
35 44
18 34
53 66
38 47
43 60
26 98
50 92
31 72
14 54
32 96
1 23
93 96
56 70
4 100
51 59
15 45
2 10
58 85
59 75
22 71
81 84
44 90
27 52
47 55
13 67
3 41
23 48
6 46
62 65
63 87
10 43
28 81
52 87
53 73
16 69
18 27
7 69
11 12
50 93
32 69
19 60
56 67
39 63
41 85
26 28
65 75
29 97
33 100
51 54
58 94
22 80
44 95
27 59
45 97
47 58
30 32
49 100
20 26
3 36
94 99
23 39
6 23
62 90
63 90
28 42
31 39
52 96
35 62
16 78
18 20
53 88
43 46
24 30
7 64
11 51
50 86
51 94
14 40
32 78
19 51
75 88
56 92
39 50
4 82
5 98
41 92
65 66
12 18
15 63
19 70
2 28
59 93
23 79
44 88
45 96
47 65
69 86
52 56
70 98
16 38
38 73
3 59
23 58
62 83
63 65
10 85
28 47
31 42
87 91
35 53
16 75
1 77
18 21
53 95
25 67
7 55
11 62
50 79
51 85
75 95
56 81
39 41
4 87
65 89
66 79
2 29
22 82
23 66
79 99
44 77
45 87
8 99
84 86
47 76
52 61
16 35
23 49
6 25
63 76
28 40
11 86
87 94
35 80
16 84
1 68
56 57
77 100
60 62
7 42
11 37
51 80
14 90
32 52
36 53
19 37
76 94
41 74
4 96
5 88
44 53
9 19
65 96
66 72
29 78
12 16
55 100
2 22
22 91
23 89
44 70
45 78
8 92
84 91
47 83
48 65
70 84
17 98
16 44
20 45
3 13
25 34
10 71
11 93
28 61
48 50
35 71
16 89
1 91
21 22
4 56
25 81
26 71
7 33
11 48
51 71
14 83
15 97
32 57
36 62
19 32
76 83
39 91
4 69
5 95
44 46
9 26
66 89
29 69
15 20
22 100
23 84
40 58
27 31
8 81
45 69
13 30
70 93
17 89
16 49
20 54
3 8
38 100
42 97
25 41
10 80
11 72
48 63
35 66
36 86
1 82
21 29
4 61
60 76
24 34
7 28
26 80
82 91
29 45
14 76
32 34
19 23
75 76
39 94
41 56
5 70
8 57
66 82
30 76
15 27
90 92
40 55
45 68
8 74
47 93
48 87
13 21
17 96
16 58
57 71
20 59
3 31
94 96
25 48
11 79
67 100
35 89
1 41
21 28
4 38
60 65
24 63
7 19
26 81
82 84
83 100
33 47
36 44
41 63
40 95
8 50
64 85
29 91
12 51
30 69
15 30
40 48
27 97
8 71
45 59
49 62
48 96
13 20
70 79
17 87
18 89
3 26
42 83
35 84
53 58
1 48
57 61
21 35
4 43
61 74
24 56
7 22
29 35
50 100
39 80
9 15
8 47
64 94
29 82
12 44
30 94
17 63
54 88
37 50
55 80
3 98
45 50
10 18
49 53
52 98
17 78
20 73
3 17
25 62
68 98
88 99
1 39
4 20
60 95
24 77
7 13
26 35
46 96
29 58
83 86
33 61
39 71
40 77
5 51
41 45
9 54
8 40
64 91
12 33
30 87
17 54
73 83
37 57
55 71
42 52
16 21
18 75
57 92
20 82
21 66
42 93
43 83
67 77
14 31
21 49
4 25
60 88
61 96
24 70
7 8
26 44
46 89
29 49
85 86
97 98
33 52
15 72
71 97
22 32
5 58
40 70
9 61
8 29
49 84
30 48
17 45
73 90
54 90
37 40
55 90
42 53
18 68
57 99
20 87
21 73
77 94
42 70
43 94
67 72
14 24
21 64
61 87
24 67
9 85
26 45
46 82
85 93
33 75
15 79
71 92
2 44
22 25
5 33
96 98
8 22
64 73
30 41
34 46
17 36
74 87
37 47
2 69
55 81
42 62
79 91
27 69
16 27
18 69
20 96
21 88
42 79
43 69
46 58
67 95
68 85
14 17
56 97
4 7
24 92
9 92
26 54
46 75
85 92
33 66
14 98
71 83
54 59
72 97
2 45
58 64
22 34
9 43
8 19
49 66
12 88
13 96
34 39
17 27
74 96
2 94
3 70
79 94
80 82
27 80
10 14
13 47
16 100
18 62
38 51
78 92
6 90
7 90
46 51
11 21
67 90
32 100
1 3
24 81
9 67
46 68
29 30
85 99
86 93
33 89
34 79
15 89
71 86
58 65
39 99
5 23
27 40
8 12
12 77
13 87
34 64
17 18
73 79
2 87
3 93
42 48
80 95
27 87
10 55
28 77
52 67
18 55
38 60
78 85
43 55
6 67
7 81
11 32
67 81
31 91
1 26
41 97
61 100
33 96
34 72
90 99
71 77
19 95
2 63
58 74
5 30
27 47
12 70
13 78
30 52
34 49
38 84
3 88
6 59
27 82
28 70
31 51
52 76
18 48
1 98
43 50
6 76
7 76
68 76
14 60
32 82
1 17
56 80
34 89
15 43
72 80
19 90
2 56
59 65
22 61
81 94
13 69
37 67
38 93
55 61
6 36
62 71
28 91
31 54
89 93
52 81
35 41
18 33
53 67
38 46
26 97
7 67
63 64
50 91
31 69
14 53
32 95
56 69
4 99
51 60
34 82
15 46
19 81
2 9
58 92
59 76
22 70
27 49
47 56
13 68
73 100
37 74
38 70
3 42
62 96
63 88
10 42
28 84
31 61
52 90
53 74
16 72
18 26
31 80
14 46
32 72
19 57
56 94
39 64
65 76
29 98
12 28
15 53
19 76
59 83
22 79
5 11
44 82
27 60
45 98
47 63
20 25
3 33
38 79
94 98
6 22
62 89
63 95
10 83
28 41
35 59
16 77
18 19
53 81
24 29
7 61
11 52
50 85
51 91
14 39
32 77
19 52
75 85
56 91
41 93
4 81
5 99
65 67
12 17
34 100
15 64
54 97
19 67
2 27
59 94
22 88
23 80
44 87
45 89
47 66
12 98
69 87
52 55
70 97
20 34
3 60
23 63
6 31
62 82
63 66
10 92
28 34
31 47
87 92
35 54
53 96
1 78
25 68
7 56
51 86
14 96
32 54
19 43
56 84
39 42
4 90
41 68
44 63
65 90
2 20
22 81
23 71
44 80
45 88
8 94
84 85
47 73
52 64
26 41
16 46
20 39
3 51
95 100
23 50
6 8
63 73
10 93
11 83
28 39
35 77
16 83
1 69
56 60
4 50
60 61
7 47
11 38
51 77
14 89
32 51
19 38
76 93
41 75
4 95
5 81
44 56
65 81
29 79
12 15
2 21
22 90
23 90
44 69
45 79
8 91
84 94
47 84
48 68
70 83
16 43
20 48
3 14
25 35
62 100
10 70
11 94
28 64
48 49
88 90
16 92
1 92
21 23
4 55
78 100
24 44
7 34
26 70
82 97
11 45
51 72
14 82
15 98
32 60
36 61
76 86
39 92
4 72
5 96
41 50
44 45
65 88
66 96
15 17
23 81
80 98
8 84
84 99
47 91
13 31
70 92
17 90
16 52
57 65
20 53
3 5
38 99
25 42
6 10
10 79
11 69
28 53
48 58
36 85
1 83
21 30
4 64
60 75
24 33
26 79
82 90
29 46
33 41
14 75
36 38
19 24
39 83
5 71
8 60
29 93
12 61
30 75
90 91
54 69
40 50
45 61
8 73
47 94
13 22
69 75
16 57
57 72
3 32
94 95
25 49
11 80
67 97
36 94
1 42
21 37
25 96
26 88
83 97
29 37
14 68
32 42
36 43
39 86
40 90
5 78
41 64
64 88
29 92
30 68
17 57
54 78
40 47
27 98
8 66
45 60
49 63
48 95
17 88
57 79
20 67
3 23
95 96
42 82
53 59
36 67
1 33
57 62
92 98
21 36
61 75
24 55
7 11
83 92
29 36
50 99
33 39
40 87
5 53
8 42
64 93
29 83
12 43
30 93
17 64
54 87
37 51
55 77
45 51
49 54
52 97
17 79
18 81
57 86
20 76
42 91
25 63
36 76
1 40
4 19
60 82
61 66
24 80
26 34
46 95
29 59
33 62
39 72
40 80
41 46
9 55
8 39
64 70
49 94
12 36
30 86
17 55
73 84
54 96
37 58
2 74
55 72
42 51
10 26
17 70
16 24
57 93
20 81
21 67
42 68
43 84
67 78
14 30
35 99
1 63
4 28
60 87
61 89
24 69
26 43
97 99
46 88
29 50
85 87
33 53
51 99
15 69
22 31
5 59
40 69
9 62
8 32
49 85
12 89
30 47
34 44
17 46
73 91
54 89
55 95
2 67
42 60
79 81
13 58
53 97
16 29
18 67
57 100
20 90
21 74
77 95
42 69
43 91
46 64
11 100
67 69
14 23
61 88
24 94
9 86
46 81
85 94
33 76
15 80
71 89
2 43
22 40
5 34
96 97
9 37
8 21
64 76
49 76
12 82
30 40
34 45
17 37
74 86
55 82
42 61
27 70
13 49
21 81
77 86
43 70
46 57
67 96
50 62
1 13
56 100
4 10
24 91
9 93
26 53
46 74
33 67
14 97
15 87
71 84
54 58
72 100
58 63
9 44
8 14
49 67
12 87
13 89
30 33
34 38
17 28
74 95
37 87
2 93
3 67
80 81
27 77
13 48
16 99
18 61
38 50
21 96
78 91
25 27
6 89
43 77
67 87
50 55
31 81
32 99
4 15
24 84
9 68
26 62
46 67
65 97
85 100
86 92
34 78
71 75
72 89
2 37
58 72
39 100
22 42
5 24
81 97
27 37
8 11
12 80
30 58
34 63
17 19
37 94
2 86
3 94
42 47
23 25
6 49
10 54
28 80
13 39
52 70
18 54
78 84
25 98
6 66
7 82
43 56
11 29
67 82
68 70
31 92
33 81
34 71
15 33
71 78
72 82
90 98
2 62
58 73
59 71
22 51
5 31
30 51
13 79
37 69
55 59
27 95
10 63
28 69
31 52
52 75
35 47
53 69
1 99
43 63
6 75
7 73
68 75
31 67
14 59
32 81
1 18
33 88
34 96
15 44
72 79
19 87
2 55
58 82
59 66
22 60
5 6
81 95
44 99
27 55
13 70
37 68
38 92
3 48
23 43
6 35
27 90
10 40
31 59
89 94
52 84
35 42
18 40
53 68
43 58
7 68
11 15
31 70
14 52
32 90
56 72
51 57
34 81
15 51
91 100
2 16
59 73
81 86
44 92
47 53
69 98
37 75
38 69
59 60
23 46
6 44
62 95
63 85
28 83
31 62
52 89
53 75
16 71
18 25
7 59
50 83
31 77
32 71
19 58
56 93
39 61
41 87
29 99
51 52
15 54
19 73
22 78
5 12
44 81
47 64
74 100
20 28
3 34
38 78
94 97
23 37
6 21
63 96
28 44
31 37
35 60
16 80
43 44
7 62
11 49
50 76
32 80
19 49
75 86
56 86
39 56
4 84
5 100
44 57
65 68
66 76
12 20
34 99
19 68
2 26
23 77
44 74
45 90
47 71
12 97
52 58
16 40
20 33
23 64
6 30
62 81
10 91
28 33
31 48
87 89
16 85
1 79
56 62
25 69
7 53
11 60
50 77
51 83
14 95
32 53
36 50
19 44
56 83
41 69
4 89
44 50
65 91
2 19
23 72
79 97
44 79
45 81
8 93
84 88
47 74
69 95
95 97
23 55
6 7
63 74
10 68
11 84
28 58
35 78
16 94
1 70
56 59
4 49
60 64
25 76
24 46
7 48
26 68
11 35
51 78
32 62
36 55
41 76
4 66
5 82
44 55
9 21
66 70
29 80
55 98
22 89
8 86
84 93
47 81
48 67
13 97
69 70
70 82
17 100
16 54
20 47
3 11
62 99
10 69
11 91
28 63
48 52
88 89
35 69
16 91
21 24
4 58
78 99
25 83
24 43
7 39
26 69
11 46
51 69
14 81
32 59
36 64
75 79
39 89
4 71
5 89
41 51
44 48
9 28
8 62
66 95
29 71
22 98
23 82
40 60
80 97
27 29
8 83
45 71
47 92
48 76
13 32
69 77
70 91
17 91
16 51
20 56
38 98
25 43
10 78
11 70
28 56
48 57
35 96
36 88
1 84
53 54
21 31
4 63
25 90
24 36
7 26
26 78
82 89
33 42
14 74
32 36
36 37
19 21
76 78
39 84
4 80
5 72
41 58
8 59
66 88
29 94
12 64
30 74
15 25
54 68
40 49
45 62
8 76
47 99
48 81
69 76
17 82
16 60
57 73
20 61
3 29
25 50
63 99
11 77
67 98
35 87
36 93
1 43
53 61
21 38
4 40
60 67
61 77
24 57
7 17
26 87
29 38
14 67
36 46
39 75
40 89
5 79
9 10
8 52
64 87
29 85
12 53
30 67
17 58
54 77
37 53
55 75
23 100
45 53
49 64
13 14
70 77
17 73
18 95
57 80
20 70
3 24
42 81
25 57
35 82
36 70
1 34
53 60
57 63
92 97
4 45
60 92
61 76
24 50
26 96
83 89
29 61
50 98
33 40
39 78
40 82
5 54
9 49
8 41
64 96
29 84
12 46
30 92
17 49
91 92
54 86
37 52
55 78
45 52
10 24
49 55
52 100
17 80
18 88
57 87
20 75
21 69
42 90
25 64
6 100
10 97
68 100
36 75
1 57
4 22
24 79
46 94
29 60
75 99
39 69
40 79
5 61
9 56
8 34
64 69
49 95
30 85
17 56
73 85
54 95
55 69
2 73
42 50
10 25
28 99
17 71
16 23
20 84
21 68
42 67
43 81
67 75
35 100
1 64
93 97
21 51
97 100
61 90
24 72
26 42
29 51
85 88
33 54
51 100
22 30
5 60
9 63
8 31
64 78
49 86
12 92
30 46
34 43
73 92
74 84
55 96
2 66
42 59
79 82
13 59
53 98
18 66
21 75
77 96
43 92
6 86
46 63
11 97
67 70
50 60
68 82
1 55
21 58
61 81
24 93
9 87
85 95
33 77
15 77
71 90
54 64
2 42
22 39
5 35
9 38
8 24
64 75
49 77
12 81
30 39
34 36
17 38
74 85
37 41
2 91
3 73
55 87
79 89
10 11
13 50
18 59
20 98
21 82
38 56
42 77
43 67
6 95
77 87
46 56
67 93
50 61
68 87
14 15
36 98
1 14
56 99
4 9
26 60
46 73
33 68
34 76
15 88
71 81
54 57
58 62
9 45
8 13
49 68
30 64
13 90
34 37
17 29
73 74
2 84
3 68
6 55
27 78
10 52
28 74
13 41
18 52
38 49
77 78
78 90
25 28
6 72
7 96
43 78
46 49
11 19
67 88
50 54
31 82
68 96
1 5
24 83
65 98
46 66
29 32
33 91
34 77
15 95
58 71
39 97
22 41
5 17
81 98
27 38
12 79
13 81
30 57
34 62
17 20
37 95
2 85
3 91
42 46
6 64
80 89
27 85
10 53
28 79
13 40
52 69
18 53
38 58
78 83
6 65
7 87
11 30
68 69
31 89
1 28
41 99
86 100
33 82
34 70
15 34
90 97
72 81
2 61
58 80
59 72
22 50
81 89
27 45
64 98
12 72
13 80
74 80
37 70
38 82
3 86
55 60
6 57
62 76
27 96
10 62
28 72
31 49
52 78
35 48
18 46
1 100
53 70
43 64
6 74
7 74
68 78
31 68
14 58
32 84
56 74
24 97
51 63
34 95
15 41
72 74
19 88
2 54
59 79
5 7
81 96
27 56
13 71
37 77
38 91
3 45
23 44
6 34
62 69
63 83
28 93
89 95
53 77
18 39
38 44
7 65
11 16
50 89
31 75
14 51
19 64
56 71
39 59
41 81
51 58
34 88
91 97
19 79
2 15
59 74
22 68
5 14
81 87
44 91
27 63
47 54
69 99
37 76
20 22
3 40
38 68
23 35
6 43
62 94
63 86
10 48
28 86
98 100
31 35
52 92
53 76
16 66
50 82
31 78
32 66
19 55
56 96
39 62
9 97
65 78
29 100
12 30
15 59
19 74
2 8
58 99
59 81
22 77
23 75
27 58
45 100
47 61
74 99
20 27
3 63
23 38
6 20
62 87
63 93
10 81
28 43
31 38
35 57
53 83
1 73
24 31
7 51
11 50
51 89
19 50
75 83
56 85
39 53
4 83
41 95
65 69
12 19
34 98
15 62
19 65
59 92
23 78
44 73
45 91
47 72
12 100
52 57
16 39
20 36
3 58
23 61
6 29
63 72
10 90
28 36
31 45
87 90
35 52
16 88
1 80
53 90
25 70
7 54
11 57
50 68
51 84
32 56
36 49
19 41
75 94
76 90
39 48
4 92
41 70
44 49
65 92
66 68
2 18
59 99
22 95
23 69
44 66
45 82
84 87
47 79
48 69
69 96
70 88
16 48
37 97
20 41
3 49
95 98
23 56
63 79
28 57
48 54
35 75
16 93
1 71
4 52
60 63
25 77
24 45
7 45
11 36
50 69
51 75
14 87
32 61
19 36
76 95
4 65
5 83
9 22
65 83
29 73
15 16
40 62
23 96
44 71
45 73
8 85
84 96
47 82
48 78
13 98
69 71
70 81
16 53
20 50
3 12
6 15
62 98
10 76
11 92
48 51
88 92
36 82
1 94
4 57
78 98
25 84
24 38
7 40
11 43
51 70
32 38
19 27
75 80
76 88
39 90
4 74
5 90
41 52
44 47
9 29
8 61
66 94
29 72
12 58
30 80
15 23
22 97
23 87
80 100
45 72
47 89
48 75
13 25
17 92
16 62
18 100
57 67
20 55
38 97
10 77
11 67
48 60
87 99
35 93
53 55
1 85
21 32
4 34
25 91
24 35
7 31
26 77
33 43
14 73
32 35
39 81
4 79
5 65
41 59
8 54
66 87
29 95
30 73
15 26
54 67
45 63
89 97
17 83
16 59
57 74
20 64
3 30
25 51
63 100
11 78
53 62
36 96
21 39
60 70
61 78
24 60
7 18
26 86
29 39
14 66
32 44
36 45
39 76
40 92
9 11
8 51
64 82
29 86
12 56
30 66
17 59
54 76
37 54
55 76
40 41
8 68
48 89
13 15
70 76
17 74
18 94
57 81
20 69
3 21
42 88
25 58
36 69
1 35
57 64
92 100
21 46
4 48
61 69
24 49
7 9
26 95
46 100
29 62
83 90
50 97
5 55
9 50
8 44
64 95
49 89
12 45
30 91
17 50
37 61
55 67
48 98
52 99
17 65
18 87
57 88
20 78
21 70
42 89
43 87
6 99
28 30
68 99
36 78
1 58
21 53
60 84
26 40
46 93
29 53
33 64
15 68
41 48
40 74
5 62
9 57
8 33
64 72
12 38
54 94
37 60
55 70
42 49
79 80
10 32
17 72
57 95
20 83
42 66
43 82
67 76
14 28
35 97
1 49
4 30
61 91
24 71
9 81
46 86
29 52
100 1597
15 46
3 59
58 69
28 39
17 83
47 53
19 22
73 81
28 80
4 66
49 78
27 98
21 99
55 77
65 82
70 71
89 96
84 98
27 91
42 59
77 85
58 72
14 97
47 62
19 88
36 39
29 82
28 65
77 92
8 90
66 88
31 93
71 99
8 89
14 74
21 84
58 81
30 37
50 83
17 47
29 53
19 28
80 92
33 46
48 79
55 90
66 70
60 85
82 88
71 83
6 89
38 84
12 59
4 85
11 97
30 78
72 73
29 62
24 44
92 99
11 48
66 89
8 62
82 85
32 89
19 84
16 64
33 59
4 88
39 56
19 47
36 50
28 66
83 89
65 84
29 64
58 59
16 96
43 64
24 86
36 66
32 43
77 80
44 48
6 27
49 74
80 84
22 64
59 68
4 65
16 26
78 79
3 87
42 72
27 85
17 36
6 43
42 73
12 73
20 69
19 60
31 46
74 100
27 84
64 99
38 96
27 47
37 79
23 86
36 82
8 43
2 12
2 69
42 49
32 50
38 60
1 47
15 31
20 74
64 80
16 99
14 81
79 97
18 86
16 43
18 97
22 70
28 56
6 50
80 91
17 60
1 90
30 74
26 64
32 88
16 80
22 38
29 43
8 65
24 48
23 24
91 99
9 35
41 72
32 60
1 62
32 70
16 89
38 77
41 87
49 86
36 56
20 73
6 65
56 92
2 3
3 100
3 20
18 23
28 50
22 91
37 41
1 17
2 68
29 85
44 69
16 19
38 80
87 93
90 96
22 26
33 78
24 93
29 98
20 100
70 99
53 96
29 91
1 82
68 73
77 88
30 44
27 80
11 87
43 56
75 84
16 98
19 21
72 100
65 99
53 77
24 97
21 36
31 41
4 39
6 70
40 52
44 81
38 50
15 87
27 65
62 85
8 98
21 38
67 100
22 53
5 7
39 88
34 63
15 67
18 46
2 93
53 98
17 21
50 56
42 58
39 71
3 31
22 83
67 73
30 81
83 90
11 49
17 85
46 93
21 62
71 96
15 18
77 96
24 41
33 58
29 39
24 30
8 83
47 99
19 65
69 81
28 88
66 90
32 66
49 79
86 93
56 98
21 53
55 80
22 82
71 77
64 84
56 91
3 15
12 58
3 37
6 47
19 70
36 43
29 55
4 28
70 92
6 90
52 95
66 80
48 93
77 82
22 71
17 89
24 74
66 84
58 68
30 73
83 91
7 51
8 29
28 29
65 92
33 37
54 63
30 48
82 90
21 56
26 60
80 82
47 71
82 89
16 84
23 59
4 26
11 42
15 30
20 72
6 29
14 44
4 92
18 48
66 71
17 62
27 82
53 89
84 92
38 64
59 69
4 6
26 39
47 92
36 47
42 67
80 88
12 42
29 66
8 17
89 91
31 74
22 84
28 64
4 99
56 83
39 64
36 90
4 43
3 67
3 97
3 12
48 49
60 83
44 74
77 84
64 65
59 81
2 79
8 96
24 72
36 62
43 62
24 73
12 37
69 73
29 60
20 31
74 86
56 84
64 70
26 38
47 56
46 79
12 86
36 55
43 90
12 72
2 33
49 97
4 50
60 71
1 83
31 78
73 74
64 88
16 53
24 81
11 86
26 85
38 43
22 77
27 28
50 62
62 91
30 41
8 60
31 49
2 74
56 64
32 80
16 88
38 82
68 87
28 43
17 65
97 100
26 99
14 48
14 23
4 91
2 41
55 60
1 6
29 96
27 32
38 70
67 87
44 86
47 98
96 99
23 33
50 92
41 73
1 32
68 78
11 18
11 44
16 29
38 89
22 56
69 78
42 93
19 98
46 100
8 99
23 79
19 91
1 55
20 68
70 88
12 44
80 85
18 87
27 43
24 78
89 98
21 29
2 100
22 99
17 53
24 46
24 42
21 43
41 44
32 39
6 77
67 79
38 47
23 87
56 65
12 93
17 98
21 71
68 100
53 65
39 80
4 83
67 78
56 96
18 20
19 90
66 96
17 96
72 93
82 98
8 21
71 85
27 50
58 97
1 39
65 83
3 61
37 67
79 81
47 90
49 69
17 26
20 93
21 55
11 15
14 41
18 58
19 39
14 30
70 83
4 47
19 55
33 81
6 28
53 66
23 49
59 93
26 98
21 32
55 88
17 71
26 91
15 42
30 58
37 42
30 33
47 88
19 77
29 65
67 81
28 99
8 92
48 72
62 90
62 66
49 93
55 56
70 82
65 71
77 89
84 90
59 78
58 67
20 30
28 83
17 29
22 92
33 73
12 48
53 90
21 27
60 96
19 71
55 89
84 91
59 79
4 96
11 24
30 72
47 91
46 72
29 36
44 97
35 61
29 92
33 48
47 66
62 77
1 26
56 82
3 68
89 92
28 84
64 90
11 59
4 62
39 85
28 47
2 72
36 83
67 97
6 80
12 97
19 66
17 70
1 96
6 96
50 89
48 74
82 84
64 92
4 53
27 83
21 64
1 36
43 99
12 18
47 60
31 69
74 93
70 84
55 64
41 59
72 79
87 97
8 26
14 72
2 86
6 36
43 80
14 73
12 46
22 50
37 69
31 73
59 74
64 77
16 55
13 94
38 85
20 79
30 86
32 36
43 66
12 15
2 18
14 49
50 99
60 89
1 29
2 31
37 74
16 32
42 81
3 79
69 86
43 50
3 18
17 22
28 85
50 80
6 91
12 41
60 70
31 44
72 74
27 64
19 96
32 62
6 16
38 55
81 87
70 96
24 33
43 92
22 65
65 77
42 100
85 99
23 73
32 91
33 41
60 82
1 88
23 68
32 56
44 46
8 38
87 100
31 86
83 98
11 100
62 99
23 69
20 41
1 53
15 68
18 44
16 83
38 71
85 90
22 27
11 78
93 97
1 98
37 100
17 99
53 85
39 82
46 68
8 88
23 44
26 80
29 38
33 87
14 78
71 98
21 83
78 100
82 99
8 53
14 46
3 24
21 39
41 49
39 53
6 17
23 67
38 83
79 87
26 65
62 96
30 93
77 98
21 89
42 69
81 100
53 55
2 15
3 58
39 62
14 31
83 99
18 67
15 81
18 73
29 90
20 49
69 93
55 98
21 70
3 69
26 71
37 58
39 60
80 83
19 53
46 67
23 81
17 28
71 90
33 49
73 93
21 82
6 71
15 69
41 97
11 58
39 47
30 97
77 83
47 65
19 82
18 81
28 62
66 82
12 49
58 93
85 98
6 55
8 71
27 89
85 91
15 97
58 79
37 97
30 69
47 80
17 19
22 29
67 68
28 53
17 92
2 48
80 90
6 66
44 93
27 55
8 82
55 71
70 89
1 84
15 59
41 58
83 92
11 72
29 77
3 44
82 92
20 33
48 73
32 90
21 85
68 97
29 71
65 89
26 88
50 84
46 59
11 14
39 96
2 30
47 50
37 72
19 36
42 44
19 92
48 69
66 83
62 70
1 85
88 96
28 89
32 84
64 66
18 59
4 17
25 54
3 86
36 89
14 67
62 80
12 14
17 77
67 74
55 84
50 64
4 32
83 85
36 64
36 60
22 43
11 12
31 48
18 69
50 60
31 33
74 87
8 84
64 82
59 67
20 37
69 79
42 87
8 85
72 86
36 88
43 88
12 79
2 37
50 65
46 69
1 60
12 31
18 74
17 64
16 82
27 38
73 79
20 86
36 53
43 60
6 22
12 78
28 96
2 11
24 49
50 70
60 80
1 19
31 72
46 74
19 85
32 82
16 17
81 97
70 85
33 86
43 91
8 22
75 76
26 28
36 98
3 48
3 23
50 88
8 91
23 41
60 77
1 89
31 81
15 74
6 32
16 62
32 38
44 87
14 33
36 96
65 70
15 78
92 96
24 100
27 99
20 23
53 91
41 69
22 60
1 80
68 79
11 73
26 32
37 44
17 38
58 87
48 86
46 78
91 98
2 14
18 100
6 99
14 20
23 72
50 91
1 99
11 68
62 88
44 78
16 47
73 87
8 77
26 90
18 78
60 98
23 100
32 99
26 53
39 55
37 68
17 88
44 79
80 96
19 38
69 87
78 97
88 98
21 47
15 100
55 99
6 53
46 97
41 68
8 39
6 8
12 67
30 87
27 66
65 85
79 93
70 98
21 60
69 97
44 100
53 82
50 96
15 72
6 39
24 31
53 83
11 67
78 81
28 90
49 73
33 93
65 98
21 77
27 56
58 100
55 82
56 71
15 20
46 58
39 66
83 88
19 32
37 81
8 28
89 90
2 49
21 22
17 55
62 71
15 33
24 59
27 77
41 42
15 58
39 83
30 42
22 47
6 19
11 81
28 55
70 90
55 66
30 49
93 100
55 62
53 71
56 89
39 84
14 15
23 58
14 37
11 30
47 77
8 19
29 99
49 67
28 32
62 92
33 69
48 78
88 90
8 66
81 93
21 96
37 46
55 85
17 82
71 82
88 89
60 84
59 72
31 58
12 30
19 83
18 72
29 70
55 92
20 48
4 90
21 26
42 68
28 71
22 89
85 88
47 84
37 59
36 92
66 91
1 27
71 89
29 89
53 84
60 64
4 8
42 86
36 71
24 67
17 80
12 24
39 43
6 85
41 74
62 84
64 91
4 55
16 56
26 83
57 76
36 77
43 65
42 97
12 69
11 69
60 91
18 31
17 84
53 64
48 59
37 73
33 79
24 87
8 27
15 86
36 80
43 70
12 23
2 46
50 55
60 90
30 31
11 74
8 64
16 22
38 56
3 81
14 79
73 86
36 99
1 43
14 18
22 62
50 77
60 88
1 92
74 79
64 96
19 26
32 55
8 16
26 70
58 86
43 83
21 98
17 91
41 79
4 60
1 71
31 68
74 78
8 32
38 53
49 87
33 97
26 36
25 40
65 88
72 78
26 92
14 100
56 99
23 46
82 91
10 34
11 41
60 65
1 77
30 68
27 29
11 20
32 85
44 73
38 62
59 87
67 86
37 78
50 98
2 24
33 100
88 99
20 24
2 23
1 4
18 68
6 88
15 44
16 50
20 87
8 70
56 90
3 78
3 93
66 98
79 100
53 99
53 56
3 46
39 65
38 92
72 87
70 77
43 96
65 96
27 62
42 78
80 98
21 50
48 100
53 62
42 46
41 81
17 39
30 67
12 87
56 66
23 93
98 99
1 21
14 69
49 100
38 39
31 42
32 83
67 69
2 81
90 92
37 49
18 93
22 98
21 80
56 85
22 55
27 71
15 73
20 58
39 90
6 83
4 19
46 81
28 70
16 90
49 72
21 65
8 55
71 80
14 59
56 77
3 41
58 78
39 91
3 30
47 82
19 62
31 67
28 82
77 90
65 66
49 81
67 93
96 98
55 96
32 71
26 89
42 74
43 84
91 96
15 24
49 58
24 37
18 30
47 70
4 29
44 67
6 92
11 33
15 48
22 90
17 66
68 93
56 60
46 73
26 55
62 82
50 71
80 89
3 74
84 89
2 59
4 56
3 11
48 58
23 30
29 83
33 72
29 88
32 92
46 48
90 99
38 66
82 96
24 68
71 92
89 99
27 88
83 84
64 71
59 73
28 36
50 66
1 56
19 89
84 99
1 64
59 86
4 70
86 97
36 38
8 80
48 68
6 26
74 81
6 84
64 83
44 59
4 82
16 27
83 96
64 98
36 70
43 55
12 33
28 60
11 31
94 95
26 84
32 64
31 59
26 47
18 79
14 87
8 56
3 72
78 86
36 65
43 77
3 73
10 51
2 20
50 82
60 66
1 91
31 79
69 74
84 96
6 64
16 65
47 96
24 79
37 86
4 36
43 71
18 24
85 96
22 80
17 50
6 60
1 28
23 74
19 56
32 65
16 70
56 70
86 100
43 47
39 98
48 97
23 97
77 91
41 78
60 99
1 38
17 32
16 38
38 99
48 87
33 42
81 86
36 85
65 80
2 78
85 92
23 37
19 50
55 91
18 41
1 70
12 68
29 56
11 46
20 44
16 28
6 38
86 87
41 86
13 45
73 78
92 98
2 42
69 100
80 99
20 42
3 42
23 78
91 92
1 65
33 68
44 72
16 91
46 87
43 85
27 90
22 96
90 98
21 28
30 100
27 53
41 67
22 39
44 49
28 38
2 87
56 62
62 98
21 91
31 100
53 80
39 77
6 62
2 67
26 66
15 93
4 98
21 90
24 69
32 53
50 85
14 58
16 39
31 97
55 83
33 67
72 81
50 90
46 49
17 56
11 93
26 56
21 88
55 65
45 57
15 37
58 73
39 92
62 83
32 47
19 99
20 81
28 77
38 90
66 99
15 49
4 21
55 70
71 88
59 97
26 77
26 96
2 58
39 50
14 42
47 55
19 80
48 67
22 28
17 90
22 66
49 68
41 93
4 71
85 89
74 97
36 84
44 58
3 14
30 46
47 83
8 47
29 32
28 92
88 92
18 33
23 48
65 90
66 77
27 60
20 46
6 82
71 91
62 89
71 84
30 59
4 27
30 79
69 72
29 80
53 92
37 48
16 66
26 82
14 68
56 88
4 89
29 84
64 89
20 59
4 80
27 39
29 47
36 91
66 92
47 89
4 84
19 64
59 100
4 77
14 86
16 36
43 53
70 80
48 81
6 56
68 74
84 88
47 64
49 59
4 22
16 85
15 79
72 97
26 27
8 36
43 82
73 97
12 20
60 92
31 37
58 74
84 85
4 64
47 85
11 79
27 96
79 86
22 36
17 43
2 73
3 49
50 53
16 60
1 50
23 31
33 74
62 64
4 16
42 79
46 86
43 89
18 42
22 88
8 50
88 91
60 62
1 66
12 74
64 85
19 27
22 32
16 77
38 65
27 70
19 43
43 98
42 48
23 42
70 91
15 41
53 60
1 16
68 81
32 77
16 71
4 38
31 87
3 33
68 86
27 36
62 65
27 92
11 23
29 50
65 91
41 46
1 8
68 72
26 29
11 37
32 96
33 44
16 92
38 88
22 85
20 78
14 93
28 98
2 97
73 100
77 99
20 97
15 23
28 91
1 22
68 69
2 44
56 80
37 87
26 43
38 98
21 92
12 100
53 70
14 24
41 48
39 99
5 9
44 68
38 91
78 87
26 62
6 98
16 21
41 100
53 88
39 70
67 72
18 37
66 85
78 93
32 98
21 66
26 50
24 58
39 89
82 83
19 29
20 67
12 81
90 91
18 49
17 27
37 93
6 21
100 579
8 32
1 33
21 46
57 77
8 61
31 58
27 39
4 91
53 85
66 68
40 92
3 45
61 95
37 55
22 35
37 59
12 66
15 46
38 71
19 77
12 82
44 75
31 75
15 76
71 87
36 96
58 84
24 33
5 14
26 95
42 87
37 98
57 82
52 99
3 63
2 93
6 13
64 83
28 56
11 72
15 83
7 37
20 34
24 38
72 100
59 90
46 71
8 60
40 63
47 74
58 62
90 98
45 62
20 73
53 70
30 44
39 99
45 100
34 72
4 67
11 83
41 69
25 97
37 68
22 52
74 89
5 86
8 51
67 84
58 73
36 41
2 42
27 94
62 63
47 85
18 84
10 19
48 68
6 39
1 54
54 93
5 48
56 65
5 82
11 38
12 88
69 75
1 71
19 55
4 60
15 21
53 56
14 77
76 87
49 53
68 81
62 72
27 29
55 59
35 43
74 93
35 97
34 38
49 68
66 86
15 24
17 22
11 20
19 49
44 96
33 46
18 75
46 76
31 50
54 87
42 71
3 96
26 99
18 63
6 79
5 57
52 95
2 28
72 73
19 70
34 64
21 83
28 65
1 24
11 100
17 95
37 90
8 39
14 59
79 97
12 80
8 91
40 73
60 94
31 67
70 74
20 63
47 53
62 100
30 67
61 99
32 41
6 8
4 44
16 17
22 25
22 26
80 86
17 97
23 34
4 75
37 49
51 94
56 85
61 91
44 94
31 41
42 54
31 84
8 27
32 91
10 85
3 84
18 92
53 55
10 98
54 56
1 28
48 82
9 93
10 93
33 65
30 60
56 70
80 82
91 94
14 57
26 79
73 92
3 58
2 9
66 81
29 95
29 51
55 68
17 43
47 93
7 90
48 86
15 33
20 72
23 46
38 42
13 17
34 100
14 90
5 59
24 46
36 50
2 87
36 92
18 96
18 40
19 98
29 79
19 85
3 92
48 57
30 32
21 64
45 83
72 76
34 83
65 93
16 43
26 35
44 50
25 26
9 24
41 67
55 90
39 94
57 59
5 78
13 97
51 61
20 40
36 67
53 74
58 100
69 94
41 84
42 65
63 73
47 70
32 50
16 35
25 43
81 86
70 89
78 86
11 34
34 76
49 59
8 30
21 23
33 54
60 61
31 92
69 91
85 98
19 53
68 82
62 92
51 95
9 28
89 93
1 46
15 38
19 59
21 24
77 81
78 82
78 88
75 96
38 76
31 36
40 84
24 87
40 96
13 26
14 81
52 79
57 66
33 42
3 62
13 95
64 72
6 95
28 47
29 99
26 43
7 49
66 88
15 23
38 87
17 79
77 90
21 76
59 77
95 97
36 84
40 58
56 74
31 96
55 98
45 73
10 70
30 69
27 99
45 64
4 32
23 72
44 69
35 52
41 44
17 25
37 57
13 22
50 67
85 89
30 39
5 80
39 51
27 61
45 58
32 94
44 91
10 90
6 51
1 9
54 65
13 51
65 74
28 89
9 74
12 81
11 21
4 8
2 33
36 69
2 71
60 69
21 71
56 98
48 77
82 88
31 40
5 68
58 92
3 73
27 95
9 54
29 39
49 55
22 43
56 93
17 35
15 34
14 49
37 77
15 71
22 97
20 83
66 78
38 46
19 37
36 44
75 84
71 76
24 71
63 84
24 42
92 96
26 29
14 66
18 62
33 87
49 98
57 81
6 52
2 89
13 99
64 73
7 70
11 64
28 74
72 83
57 86
7 77
64 100
49 90
39 60
59 68
78 80
8 94
40 62
60 91
67 96
74 85
58 63
62 73
73 100
70 98
30 50
51 99
20 45
51 52
6 60
4 41
67 69
16 97
25 35
14 37
22 79
56 89
80 88
51 60
41 75
1 42
18 31
27 91
84 92
3 18
53 90
7 10
57 68
6 27
1 65
54 89
48 81
47 65
9 89
5 66
11 15
19 90
32 60
21 38
10 56
68 77
24 76
14 68
62 64
2 54
5 81
29 61
66 82
55 77
43 97
85 93
7 19
34 46
49 57
48 80
15 87
20 64
66 80
23 71
17 52
23 100
42 46
75 92
50 96
9 87
33 71
3 36
84 96
18 58
79 99
29 52
2 65
73 83
70 90
6 99
23 64
11 45
76 83
65 89
2 24
83 100
39 91
48 59
26 97
40 45
67 75
10 74
4 94
18 41
28 42
63 100
47 98
20 62
32 67
4 50
16 22
12 86
11 23
21 34
49 77
23 76
9 33
47 56
61 94
41 96
9 42
3 31
27 60
30 91
70 85
7 53
10 53
63 64
7 47
63 92
54 74
1 89
48 66
9 65
70 93
20 100
12 78
82 86
36 75
14 48
26 52
13 79
3 40
13 29
81 82
95 99
28 85
6 29
14 55
43 79
7 55
23 38
33 38
17 26
59 81
46 87
29 97
50 75
1 87
18 36
7 98
79 95
7 85
13 52
4 30
45 72
32 69
21 72
23 83
50 69
16 25
35 79
44 67
37 48
41 50
47 89
32 39
5 12
52 97
27 51
39 61
20 58
30 94
27 30
45 63
50 91
10 47
53 98
10 55
8 99
32 44
6 61
1 2
28 54
13 61
4 69
28 93
80 81
86 88
11 76
100 1190
18 74
18 52
18 95
18 83
18 33
18 49
18 72
18 30
18 35
14 18
18 96
18 84
18 66
18 71
18 70
6 18
18 79
18 78
18 46
18 77
31 74
52 74
74 95
74 83
33 74
49 74
72 74
30 74
35 74
74 76
1 74
74 94
19 74
54 74
17 74
42 74
2 74
10 74
25 74
23 74
34 74
48 74
74 79
31 95
31 83
31 33
31 49
31 72
30 31
31 35
31 76
31 94
16 31
31 96
31 50
31 90
31 93
15 31
31 61
12 31
5 31
31 38
31 51
7 31
24 31
31 78
41 95
41 83
33 41
41 49
41 72
30 41
35 41
41 94
41 63
19 41
40 41
11 41
41 88
41 71
20 41
24 41
41 62
28 41
89 95
83 89
33 89
49 89
72 89
30 89
35 89
1 89
58 89
89 94
89 96
50 89
84 89
89 93
15 89
64 89
60 89
89 91
71 89
6 89
51 89
62 89
52 95
52 83
33 52
49 52
52 72
30 52
35 52
52 73
45 52
13 52
52 93
17 52
27 52
52 71
5 52
52 70
6 52
51 52
20 52
52 53
24 52
52 57
52 78
75 95
75 83
33 75
49 75
72 75
30 75
35 75
75 81
58 75
73 75
75 87
75 86
19 75
66 75
5 75
70 75
44 75
24 75
57 75
75 77
28 75
33 95
35 95
21 95
76 95
80 95
1 95
81 95
58 95
39 95
47 95
36 95
19 95
11 95
88 95
71 95
70 95
67 95
78 95
49 83
35 83
21 83
76 83
80 83
1 83
81 83
58 83
39 83
14 83
17 83
68 83
60 83
38 83
48 83
62 83
21 33
33 76
33 80
1 33
33 81
33 58
33 39
16 33
33 87
33 96
33 50
33 40
33 93
11 33
33 71
9 33
20 33
7 33
33 62
21 49
49 76
49 80
1 49
49 81
49 58
39 49
47 49
49 99
49 73
49 50
49 90
49 54
11 49
49 69
49 61
12 49
49 59
49 64
23 49
26 49
38 49
44 49
21 72
72 76
72 80
1 72
72 81
58 72
39 72
16 72
72 99
72 87
32 72
40 72
54 72
55 72
72 93
69 72
12 72
43 72
10 72
23 72
5 72
44 72
7 72
24 72
21 30
30 76
30 80
1 30
30 81
30 58
30 39
30 94
30 84
30 100
30 88
30 68
30 34
30 48
30 46
30 85
21 35
35 76
35 80
1 35
35 81
35 58
35 39
16 35
35 65
13 35
27 35
35 68
35 67
35 48
35 53
35 79
35 46
8 35
35 77
1 21
21 94
21 92
16 21
21 47
21 99
21 98
21 97
21 73
21 96
10 21
21 38
3 21
20 21
21 22
21 48
21 77
76 81
76 94
76 92
16 76
47 76
76 99
76 98
76 97
56 76
76 96
65 76
50 76
40 76
61 76
42 76
43 76
34 76
53 76
7 76
76 79
76 77
1 80
80 94
80 92
16 80
47 80
80 99
80 98
80 97
50 80
80 84
80 100
54 80
80 93
69 80
17 80
37 80
60 80
9 80
6 80
7 80
79 80
77 80
80 85
1 94
1 92
1 16
1 47
1 99
1 98
1 97
1 90
1 54
1 23
1 34
1 38
1 22
1 46
81 94
81 92
16 81
47 81
81 99
81 98
81 97
36 81
81 96
81 100
19 81
4 81
15 81
81 88
68 81
7 81
78 81
58 94
58 92
16 58
47 58
58 99
58 98
58 97
45 58
58 65
58 69
58 64
2 58
25 58
58 71
58 70
53 58
24 58
39 94
39 92
16 39
39 47
39 99
39 98
39 97
13 39
39 55
15 39
39 88
22 39
24 39
73 94
14 94
87 94
29 94
45 94
56 94
36 94
65 94
54 94
91 94
51 94
3 94
79 94
57 94
78 94
73 92
14 92
87 92
29 92
45 92
56 92
36 92
13 92
40 92
66 92
69 92
2 92
71 92
26 92
34 92
22 92
53 92
44 92
16 98
16 73
14 16
16 87
16 29
16 45
16 56
16 36
16 19
16 40
16 66
16 17
16 61
16 59
16 37
16 25
3 16
16 20
16 44
7 16
16 77
16 28
47 99
47 73
14 47
47 87
29 47
45 47
47 56
36 47
32 47
13 47
47 84
47 66
17 47
42 47
2 47
23 47
47 71
9 47
3 47
47 53
44 47
47 78
47 62
47 85
98 99
97 99
73 99
14 99
87 99
29 99
45 99
56 99
36 99
86 99
50 99
99 100
19 99
4 99
40 99
66 99
69 99
60 99
91 99
26 99
82 99
73 98
14 98
87 98
29 98
45 98
56 98
36 98
63 98
19 98
69 98
17 98
64 98
26 98
67 98
73 97
14 97
87 97
29 97
45 97
56 97
36 97
9 97
26 97
24 97
8 97
56 73
36 73
73 86
73 96
65 73
50 73
32 73
63 73
13 73
19 73
55 73
17 73
59 73
2 73
25 73
51 73
57 73
73 77
14 45
14 36
14 86
14 96
14 65
14 50
14 32
14 63
13 14
14 55
14 15
14 42
14 60
14 23
14 44
14 62
14 85
86 87
87 96
65 87
50 87
32 87
63 87
13 87
84 87
55 87
17 87
60 87
10 87
23 87
38 87
48 87
29 86
29 96
29 65
29 50
29 32
29 63
13 29
19 29
29 93
11 29
15 29
29 68
25 29
26 29
29 51
22 29
7 29
29 78
29 77
28 29
45 86
45 96
45 65
45 50
32 45
45 63
13 45
19 45
45 90
45 88
45 59
45 60
2 45
9 45
5 45
7 45
56 86
56 96
56 65
50 56
32 56
56 63
13 56
54 56
56 66
56 69
37 56
3 56
53 56
56 79
36 86
36 96
36 65
36 50
32 36
36 63
13 36
4 36
36 90
36 61
36 64
23 36
36 48
36 79
24 36
36 78
36 62
36 46
65 86
32 86
84 86
86 100
19 86
4 86
86 90
40 86
54 86
17 86
27 86
12 86
23 86
51 86
20 86
77 86
13 96
84 96
96 100
19 96
4 96
90 96
40 96
54 96
55 96
93 96
17 96
68 96
60 96
9 96
20 96
46 96
82 96
65 84
65 100
19 65
4 65
65 90
40 65
54 65
65 66
65 69
64 65
2 65
5 65
26 65
3 65
53 65
28 65
50 63
50 84
50 100
19 50
4 50
50 90
40 50
50 54
50 61
50 71
34 50
50 51
50 62
50 77
28 50
32 84
32 100
19 32
4 32
32 90
32 40
32 54
32 66
12 32
32 91
32 34
32 67
32 51
24 32
8 32
28 32
63 84
63 100
19 63
4 63
63 90
40 63
54 63
15 63
27 63
25 63
9 63
63 67
6 63
44 63
63 77
13 84
13 100
13 19
4 13
13 90
13 40
13 54
13 93
13 69
13 17
13 42
13 43
13 25
13 34
13 53
40 84
55 84
84 93
11 84
66 84
15 84
69 84
17 84
48 84
19 100
4 100
55 100
93 100
11 100
66 100
15 100
69 100
17 100
37 100
57 100
46 100
82 100
28 100
19 55
19 93
11 19
19 66
15 19
19 69
17 19
19 59
19 71
5 19
19 70
6 19
19 22
19 82
4 90
4 55
4 93
4 11
4 66
4 15
4 69
4 17
4 88
4 68
55 90
90 93
11 90
66 90
15 90
69 90
17 90
27 90
59 90
10 90
25 90
22 90
24 90
46 90
40 55
40 93
11 40
40 66
15 40
40 69
17 40
27 40
40 59
2 40
9 40
34 40
38 40
40 70
54 55
54 93
11 54
54 66
15 54
54 69
17 54
54 68
37 54
42 54
2 54
38 54
6 54
51 54
53 54
7 54
8 54
54 77
55 61
55 88
27 55
12 55
55 59
55 68
55 64
22 55
55 79
28 55
11 93
69 93
17 93
61 93
88 93
27 93
12 93
59 93
68 93
64 93
42 93
2 93
7 93
79 93
77 93
11 61
11 88
11 27
11 12
11 59
11 68
11 64
11 37
11 43
5 11
6 11
11 51
11 20
11 79
8 11
61 66
66 88
27 66
12 66
59 66
66 68
64 66
37 66
60 66
43 66
5 66
20 66
28 66
15 61
15 88
15 27
12 15
15 59
15 68
15 64
15 42
10 15
15 25
15 34
15 70
15 67
15 51
15 44
15 46
61 69
69 88
27 69
12 69
59 69
68 69
64 69
69 91
5 69
26 69
38 69
20 69
17 61
17 88
17 27
12 17
17 59
17 68
17 64
17 70
17 67
17 46
61 88
27 61
12 61
61 68
61 64
37 61
42 61
60 61
2 61
43 61
61 91
10 61
26 61
34 61
38 61
61 67
20 61
22 61
61 79
57 61
61 62
68 88
37 88
42 88
60 88
2 88
43 88
88 91
10 88
25 88
20 88
53 88
62 88
8 88
85 88
27 64
27 37
27 42
27 60
2 27
27 43
27 91
10 27
5 27
27 70
22 27
27 62
8 27
27 77
12 68
12 37
12 42
12 60
2 12
12 43
12 91
10 12
12 51
12 22
12 44
12 24
59 64
37 59
42 59
59 60
2 59
43 59
59 91
10 59
9 59
57 59
37 68
42 68
60 68
2 68
43 68
68 91
10 68
38 68
53 68
57 68
28 68
37 64
42 64
60 64
2 64
43 64
64 91
10 64
23 64
20 64
64 85
2 37
25 37
23 37
37 71
9 37
5 37
26 37
34 37
37 70
3 37
37 48
7 37
24 37
37 57
37 62
37 85
25 42
23 42
42 71
9 42
5 42
26 42
34 42
42 46
8 42
42 82
42 85
10 60
25 60
23 60
60 71
9 60
5 60
26 60
34 60
48 60
60 77
2 25
2 23
2 71
2 9
2 5
2 26
2 34
2 7
2 78
2 8
2 28
25 43
23 43
43 71
9 43
5 43
26 43
34 43
6 43
43 44
28 43
25 91
23 91
71 91
9 91
5 91
26 91
34 91
51 91
53 91
10 25
10 23
10 71
9 10
5 10
10 26
10 34
3 10
10 53
25 71
5 25
25 26
24 25
25 57
25 78
25 46
20 23
23 44
23 24
23 46
20 71
24 71
5 9
9 26
9 70
9 44
9 46
5 70
5 67
5 22
5 48
5 8
5 28
26 34
6 26
26 44
24 26
26 62
6 34
34 79
34 85
38 51
38 48
38 53
38 82
38 85
67 70
53 70
62 70
22 67
48 67
67 79
6 20
6 48
6 53
20 51
22 51
51 79
51 77
3 22
3 53
3 44
3 24
3 77
7 20
20 79
20 24
20 57
20 46
8 20
22 85
48 79
53 62
46 79
24 57
8 24
24 77
8 57
57 77
8 78
62 77
28 46
8 82
8 28
77 82
28 82
82 85
100 1032
66 97
65 97
18 97
73 97
3 97
27 97
50 97
88 97
94 97
64 97
61 97
57 97
69 97
87 97
14 97
10 97
28 97
43 97
18 92
73 92
3 92
27 92
50 92
88 92
25 92
34 92
41 92
64 92
72 92
80 92
42 92
15 92
17 65
17 18
17 73
3 17
17 27
17 50
17 88
17 95
17 82
17 38
17 22
17 57
17 31
17 48
17 67
17 56
17 30
17 26
17 96
17 72
9 17
17 23
17 70
18 59
59 73
3 59
27 59
50 59
59 88
32 59
59 64
59 61
26 59
44 59
14 59
59 99
59 86
15 59
36 59
18 66
66 73
3 66
27 66
50 66
66 88
66 82
66 91
25 66
2 66
66 89
66 68
48 66
16 66
66 96
4 66
23 66
18 65
65 73
3 65
27 65
50 65
65 88
12 65
38 65
22 65
65 71
65 85
45 65
65 81
65 84
52 65
10 65
65 99
47 65
18 73
18 46
7 18
18 35
18 95
18 82
18 91
18 63
18 25
18 93
18 69
18 80
18 55
18 78
15 18
18 36
18 23
18 51
46 73
7 73
35 73
73 95
73 82
73 91
73 98
63 73
73 74
41 73
60 73
62 73
73 90
73 76
56 73
72 73
33 73
73 86
4 73
54 73
51 73
3 50
3 88
3 46
3 7
3 35
3 95
3 82
3 91
3 98
3 40
3 38
3 94
3 41
3 45
3 67
3 69
3 52
3 9
3 20
27 46
7 27
27 35
27 95
27 82
27 91
27 74
27 38
27 94
27 85
27 76
27 69
11 27
27 80
27 49
27 70
46 50
7 50
35 50
50 95
50 82
50 91
50 58
6 50
32 50
50 64
50 57
31 50
48 50
50 69
50 84
50 87
1 50
50 52
50 80
28 50
4 50
46 88
7 88
35 88
88 95
82 88
88 91
79 88
88 93
58 88
71 88
60 88
37 88
11 88
52 88
72 88
80 88
10 88
9 88
54 88
70 88
46 82
46 98
46 63
25 46
46 79
19 46
34 46
46 64
46 76
30 46
1 46
14 46
46 80
13 46
7 98
7 63
7 25
7 79
7 19
7 34
7 94
7 83
7 8
7 62
7 53
7 11
7 80
7 28
7 55
7 15
35 91
35 98
35 63
25 35
35 79
19 35
34 35
6 35
35 85
35 89
35 68
26 35
35 80
9 35
35 86
29 35
35 43
35 70
35 39
95 98
63 95
25 95
79 95
19 95
34 95
38 95
85 95
90 95
5 95
9 95
51 95
82 98
63 82
25 82
79 82
19 82
34 82
82 93
41 82
71 82
31 82
69 82
37 82
80 82
4 82
24 82
29 82
21 82
51 82
91 98
63 91
25 91
79 91
19 91
34 91
40 91
22 91
53 91
28 91
98 100
2 98
12 98
74 98
40 98
38 98
93 98
14 98
9 98
28 98
42 98
51 98
63 100
2 63
12 63
63 74
40 63
38 63
61 63
57 63
63 67
63 90
37 63
63 80
54 63
25 100
2 25
12 25
25 74
25 40
25 38
22 25
25 32
25 89
25 48
25 67
25 76
1 25
14 25
25 55
13 25
15 25
25 51
25 39
34 79
79 100
2 79
12 79
74 79
40 79
38 79
58 79
79 83
79 85
60 79
76 79
4 79
29 79
70 79
21 79
19 100
2 19
12 19
19 74
19 40
19 38
19 57
19 62
19 90
19 30
1 19
19 28
4 19
19 39
34 100
2 34
12 34
34 74
34 40
34 38
34 53
5 34
34 43
34 39
93 100
94 100
58 100
6 100
22 100
83 100
16 100
76 100
44 100
9 100
99 100
2 40
2 93
2 94
2 58
2 6
2 22
2 83
2 68
2 60
2 8
2 84
2 56
2 87
2 28
2 55
2 86
2 47
2 36
2 54
2 23
12 40
12 93
12 94
12 58
6 12
12 22
12 83
12 41
12 16
12 90
12 56
12 30
12 96
12 44
12 14
12 20
40 74
74 93
74 94
58 74
6 74
22 74
74 83
74 85
57 74
74 90
74 76
74 80
28 74
15 74
43 74
40 93
40 94
40 58
6 40
22 40
40 83
40 68
40 45
40 57
40 48
40 53
40 87
40 44
33 40
40 78
40 49
38 93
38 94
38 58
6 38
22 38
38 83
38 41
38 64
38 60
38 69
38 80
28 38
38 42
38 99
38 75
93 94
41 93
71 93
32 93
85 93
89 93
64 93
8 93
77 93
81 93
44 93
10 93
36 93
24 93
29 93
41 94
71 94
32 94
85 94
89 94
64 94
69 94
37 94
30 94
44 94
80 94
42 94
47 94
24 94
6 58
22 58
58 83
41 58
58 71
32 58
58 85
58 89
58 64
58 60
57 58
58 72
58 80
58 86
49 58
4 58
20 58
6 22
6 41
6 71
6 32
6 85
6 89
6 64
6 68
6 76
6 81
6 56
6 80
4 6
6 20
22 41
22 71
22 32
22 85
22 89
22 64
22 68
22 57
22 81
22 87
22 44
22 80
15 22
41 83
71 83
32 83
83 85
83 89
64 83
8 83
62 83
67 83
28 83
4 83
23 83
41 71
41 61
41 68
41 60
41 45
41 57
31 41
41 84
13 41
15 41
24 41
61 71
68 71
60 71
45 71
57 71
31 71
69 71
71 84
56 71
71 72
49 71
54 71
29 71
32 64
32 61
32 68
32 60
32 45
32 57
31 32
32 48
32 67
32 76
32 37
11 32
32 56
28 32
32 86
20 32
29 32
21 32
32 39
61 85
68 85
60 85
45 85
57 85
31 85
81 85
30 85
85 87
47 85
13 85
21 85
61 89
68 89
60 89
45 89
57 89
31 89
8 89
5 89
26 89
28 89
13 89
20 89
61 64
64 68
60 64
45 64
57 64
31 64
48 64
53 64
64 81
64 99
64 86
49 64
43 64
61 68
45 61
8 61
61 62
48 61
61 77
61 67
53 61
61 90
61 87
33 61
61 86
20 61
29 61
61 70
39 61
8 68
62 68
48 68
68 77
67 68
53 68
16 68
1 68
44 68
68 72
28 68
8 60
60 62
48 60
60 77
60 67
53 60
60 76
1 60
52 60
44 60
54 60
20 60
8 45
45 62
45 48
45 77
45 67
45 53
37 45
5 45
45 84
30 45
1 45
45 52
44 45
10 45
33 45
15 45
4 45
36 45
43 45
8 57
57 62
48 57
57 77
57 67
53 57
57 87
52 57
55 57
13 57
8 31
31 62
31 48
31 77
31 67
31 53
31 76
26 31
31 52
14 31
31 78
31 47
31 36
23 31
8 77
8 16
8 90
8 76
8 81
8 69
8 37
8 11
8 26
8 9
8 42
8 78
8 75
8 13
16 62
62 90
62 76
62 81
62 69
37 62
5 62
11 62
62 84
62 80
28 62
20 62
16 48
48 90
48 76
48 81
48 69
37 48
48 86
47 48
24 48
48 54
48 51
16 77
77 90
76 77
77 81
69 77
37 77
77 99
13 77
24 77
54 77
43 77
21 77
51 77
16 67
67 90
67 76
67 81
67 69
37 67
56 67
30 67
26 67
10 67
20 67
21 67
16 53
53 90
53 76
53 81
53 69
37 53
52 53
53 80
53 78
53 86
4 53
23 53
29 53
5 16
11 16
16 84
16 56
16 30
16 26
16 28
16 99
16 78
13 16
16 49
15 16
4 16
5 90
11 90
84 90
56 90
30 90
26 90
9 90
75 90
23 90
39 90
76 81
37 76
5 76
11 76
76 84
56 76
30 76
26 76
10 76
75 76
47 76
24 76
5 81
11 81
81 84
56 81
30 81
26 81
44 81
9 81
33 81
78 81
47 81
70 81
5 69
11 69
69 84
56 69
30 69
26 69
69 80
51 69
5 37
11 37
37 84
37 56
30 37
26 37
37 86
24 37
21 37
5 96
5 87
1 5
5 52
5 44
5 72
5 80
5 42
5 99
5 33
5 13
5 20
11 96
11 87
1 11
11 52
11 44
11 72
11 99
11 51
84 96
84 87
1 84
52 84
44 84
72 84
30 56
56 96
56 87
1 56
52 56
44 56
56 72
14 56
42 56
56 86
54 56
23 56
39 56
30 96
30 87
1 30
30 52
30 44
30 72
14 30
30 80
28 30
4 30
26 96
26 87
1 26
26 52
26 44
26 72
14 26
26 80
26 86
26 47
26 51
14 96
80 96
10 96
9 96
28 96
42 96
96 99
55 96
75 96
51 96
44 87
72 87
14 87
80 87
10 87
9 87
28 87
42 87
23 87
1 14
1 80
1 10
1 9
1 28
1 42
1 33
1 51
14 52
52 80
10 52
9 52
28 52
42 52
47 52
4 52
39 52
14 44
44 80
10 44
9 44
28 44
42 44
44 99
44 78
44 86
14 72
72 80
10 72
9 72
28 72
42 72
33 72
20 72
51 72
14 20
14 70
14 21
33 80
13 80
10 42
10 13
10 43
9 42
9 21
28 99
28 55
28 33
28 29
28 43
42 99
42 43
78 99
47 99
24 55
43 55
55 70
21 55
51 55
39 55
13 78
15 78
54 78
70 78
21 78
75 86
4 75
47 86
23 86
43 86
39 86
43 47
21 47
13 23
43 49
15 24
4 70
20 23
23 70
43 51
100 875
66 81
81 93
81 96
20 81
73 81
26 81
69 81
48 81
45 81
32 81
79 81
30 81
11 81
81 91
81 90
66 99
93 99
96 99
20 99
73 99
13 99
86 99
52 99
69 99
74 99
48 99
67 99
97 99
10 99
55 99
11 99
66 88
88 93
88 96
20 88
73 88
83 88
71 88
69 88
68 88
34 88
28 88
16 88
67 88
72 88
24 88
36 88
77 88
18 66
18 93
18 96
18 20
18 73
8 18
18 19
18 42
18 23
18 74
18 48
18 32
18 44
18 36
10 18
18 46
18 91
54 66
54 93
54 96
20 54
54 73
41 54
3 54
54 58
54 72
14 54
54 55
54 92
54 91
54 64
2 54
54 63
54 84
41 66
3 66
8 66
66 87
66 80
9 66
66 69
12 66
66 79
44 66
24 66
56 66
43 66
41 93
3 93
8 93
87 93
80 93
19 93
93 100
6 93
83 93
71 93
52 93
16 93
65 93
49 93
41 96
3 96
8 96
87 96
80 96
6 96
9 96
12 96
94 96
36 96
14 96
33 96
20 41
3 20
8 20
20 87
20 80
13 20
19 20
20 52
20 69
20 67
10 20
20 51
20 43
20 47
41 73
3 73
8 73
73 87
73 80
9 73
34 73
4 73
44 73
1 73
72 73
36 73
73 92
73 77
21 73
73 91
56 73
31 73
41 59
13 41
19 41
41 100
41 42
41 62
23 41
7 41
29 41
41 98
41 67
22 41
41 55
27 41
31 41
17 41
3 87
3 59
3 13
3 19
3 100
3 42
3 15
3 74
3 70
3 34
3 61
3 77
3 57
3 63
3 47
8 59
8 13
8 19
8 100
8 42
8 38
8 53
8 65
8 39
59 87
13 87
19 87
87 100
42 87
83 87
87 97
56 87
47 87
84 87
59 80
13 80
19 80
80 100
42 80
61 80
38 80
30 80
22 80
35 80
57 80
75 80
76 80
59 62
6 59
15 59
26 59
59 95
16 59
29 59
1 59
30 59
11 59
59 91
59 64
39 59
13 62
6 13
13 15
13 26
13 95
13 74
13 60
13 44
1 13
13 72
13 78
13 77
13 21
13 90
13 39
19 100
19 62
6 19
15 19
19 26
19 95
19 85
19 25
12 19
19 94
19 29
19 58
14 19
19 21
19 33
62 100
6 100
15 100
26 100
95 100
52 100
9 100
7 100
61 100
40 100
97 100
36 100
37 100
47 100
76 100
42 62
6 42
15 42
26 42
42 95
42 71
23 42
42 70
42 94
29 42
36 42
42 78
17 42
62 86
62 83
62 71
23 62
52 62
7 62
40 62
36 62
62 77
62 64
56 62
51 62
6 86
6 83
6 71
6 23
6 52
6 69
6 48
6 61
6 32
6 44
6 55
6 27
2 6
6 63
15 86
15 83
15 71
15 23
15 52
15 85
15 25
15 61
15 45
10 15
15 55
15 46
2 15
26 86
26 83
26 71
23 26
26 52
7 26
16 26
5 26
26 97
26 92
26 31
86 95
83 95
71 95
23 95
52 95
29 95
45 95
95 98
58 95
92 95
57 95
63 95
9 86
86 89
69 86
74 86
68 86
61 86
82 86
58 86
1 86
30 86
43 86
9 83
83 89
69 83
74 83
68 83
16 83
58 83
38 83
14 83
46 83
77 83
83 91
56 83
23 71
52 71
9 71
71 89
69 71
71 74
68 71
58 71
35 71
2 71
47 71
71 84
9 23
23 89
23 69
23 74
23 68
23 34
23 35
23 92
23 53
23 84
9 52
52 89
52 69
52 74
52 68
34 52
36 52
14 52
52 55
52 92
52 63
33 52
52 75
17 52
39 52
9 70
9 85
7 9
9 25
9 48
4 9
9 67
5 9
70 89
85 89
7 89
25 89
48 89
4 89
45 89
82 89
40 89
22 89
89 92
57 89
39 89
68 69
69 70
69 85
7 69
25 69
48 69
11 69
69 91
33 69
43 69
70 74
74 85
7 74
25 74
48 74
34 74
28 74
32 74
1 74
74 97
10 74
63 74
74 75
17 74
68 70
68 85
7 68
25 68
48 68
28 68
29 68
68 98
38 68
30 68
22 68
27 68
56 68
25 70
34 70
28 70
4 70
16 70
60 70
61 70
70 98
58 70
44 70
5 70
24 70
36 70
10 70
46 70
70 77
70 91
64 70
56 70
33 70
70 75
49 70
34 85
28 85
4 85
16 85
60 85
40 85
46 85
56 85
63 85
33 85
76 85
49 85
7 25
7 34
7 28
4 7
7 16
7 60
7 94
7 40
7 98
7 67
7 21
7 75
25 34
25 28
4 25
16 25
25 60
25 94
25 61
25 46
25 43
34 48
28 48
4 48
16 48
48 60
12 48
32 48
38 48
44 48
48 91
48 56
48 63
48 51
17 48
34 60
12 34
34 94
29 34
34 61
34 45
34 50
1 34
34 97
34 56
34 43
34 49
16 28
12 28
28 94
28 29
28 61
28 45
28 30
28 55
21 28
28 57
4 12
4 94
4 29
4 61
4 45
4 58
4 38
4 44
2 4
16 60
12 16
16 94
16 29
16 61
16 45
16 82
16 32
12 60
60 94
29 60
60 61
45 60
60 97
30 60
37 60
31 60
2 60
60 65
39 60
12 45
12 82
12 40
12 32
12 98
12 58
1 12
12 30
12 77
12 21
12 64
12 39
29 94
82 94
40 94
32 94
94 98
58 94
44 94
92 94
21 94
63 94
33 94
84 94
39 94
29 82
29 40
29 32
29 98
29 58
29 97
29 30
29 35
29 55
29 47
61 82
40 61
32 61
61 98
58 61
50 61
22 61
61 77
61 64
45 82
40 45
32 45
45 98
45 58
44 45
45 53
50 82
38 82
79 82
44 82
67 82
37 82
82 91
31 82
33 82
75 82
76 82
40 98
40 50
38 40
40 79
40 44
40 67
40 64
40 49
32 50
32 38
32 79
32 44
32 67
32 37
32 91
32 56
32 90
32 47
50 98
38 98
79 98
44 98
67 98
10 98
75 98
49 98
50 58
38 58
58 79
44 58
58 67
35 58
58 91
1 50
5 50
50 72
50 97
24 50
14 50
35 50
27 50
21 50
50 75
50 76
38 67
1 38
5 38
38 72
38 97
24 38
38 92
38 63
1 79
5 79
72 79
79 97
24 79
55 79
46 79
57 79
47 79
79 84
17 79
1 44
5 44
44 72
44 97
24 44
39 44
1 67
5 67
67 72
67 97
24 67
55 67
67 92
56 67
67 76
1 72
1 30
1 22
1 36
1 14
1 35
1 31
1 84
1 49
5 30
5 22
5 36
5 14
5 35
5 11
5 47
30 72
22 72
36 72
14 72
35 72
27 72
21 72
56 72
33 72
65 72
72 76
30 97
22 97
36 97
14 97
35 97
90 97
57 97
24 30
22 24
24 36
14 24
24 35
24 37
24 64
24 39
10 30
30 55
30 78
30 92
30 53
30 51
10 22
22 55
22 78
22 92
22 53
22 77
22 91
2 22
22 76
17 22
22 49
35 36
10 36
36 55
36 78
36 92
36 53
21 36
36 37
33 36
14 35
10 14
14 55
14 78
14 92
14 53
14 84
10 35
35 55
35 78
35 92
35 53
35 84
10 46
10 27
10 77
10 11
10 21
55 92
46 55
27 55
55 77
11 55
21 55
55 90
46 78
27 78
77 78
11 78
21 78
78 91
51 78
47 78
46 92
27 92
77 92
11 92
21 92
84 92
46 53
27 53
53 77
11 53
21 53
53 65
17 53
46 51
43 46
27 37
27 90
27 33
27 39
21 64
21 56
21 75
21 39
2 37
37 63
37 65
57 91
33 91
51 91
64 90
47 64
64 65
56 57
47 56
39 56
57 90
49 90
2 31
31 84
2 65
33 43
33 49
43 51
51 84
17 75
65 76
0 0
