100
100 1
100
10 3
20 3 15
108964 3
682061 724216 379563
1000000 1
1000000
66601 1
667067
586015 1
468474
1000000 5
228565 290663 826328 212690 905979
1000000 5
475351 51659 311961 952352 252170
1000000 5
504028 600351 259926 130831 881381
2 4
2 2 2 6
451908 5
199420 330485 833418 641694 494154
684057 2
509147 388062
280006 2
78347 875010
1000000 1
999999
178440 4
40566 943286 134151 945796
960556 4
673543 826340 254073 658946
343261 5
210664 316225 658571 394202 776056
757135 1
636501
196700 5
355072 19385 23747 208847 97553
451214 2
775426 946659
8 5
2 1 2 2 1
830642 3
576952 551869 114812
10 5
5 5 5 5 10
4 5
2 1 2 3 1
418208 5
187243 126256 127898 168767 367866
429888 4
377434 89104 554163 264072
2 5
7 1 10 3 7
476530 2
272024 734700
10 5
141 31 120 69 74
725259 5
9569 61122 124276 336255 708601
483544 5
392419 167495 314186 969371 235715
1 5
1 1 1 1 1
370287 5
890150 871446 711343 200472 10740
358059 5
60479 522564 662221 636638 928150
714182 5
857295 701425 611009 499902 83112
11 5
10 5 5 5 5
912804 2
752100 635599
2 5
1 1 1 1 1
356673 5
17837 270462 304163 512224 870682
576160 5
827048 405587 202083 91235 18128
1000000 5
1000000 1000000 1000000 1000000 1000000
982633 1
9246
7 5
1 1 1 1 1
428426 2
874787 376894
905231 2
13578 90423
231507 4
533132 629073 868008 208728
247243 5
324102 43752 310322 153030 99310
1000000 5
921064 985719 704793 709574 865173
851581 1
203560
882696 5
312122 83826 818477 893035 50310
3 4
2 2 2 3
7 5
3 1 3 2 1
357661 2
467222 478481
453906 4
818839 460915 242282 69890
220002 3
767819 294988 163287
670412 4
616645 956608 905954 838171
3 4
2 2 2 4
3 3
1 1 100
705175 5
874792 812565 327184 325188 67063
163669 3
42749 908556 172914
449005 5
741307 20228 639189 132673 640474
740925 5
92473 891215 474112 15905 25596
94214 1
912174
134382 5
811952 436004 173824 11719 865159
1000000 5
186369 763383 124659 544448 628929
992678 5
289645 169618 223527 371026 126290
468194 5
576661 264236 946674 79746 115816
691917 5
865479 936536 71479 957156 589380
9 5
388 142 930 55 323
255559 5
257882 293518 652640 691174 830676
418000 1
216836
41828 1
208765
136493 1
666592
376914 3
412277 770678 654817
11 5
5 5 5 5 10
316798 5
960665 274812 188244 161136 554933
935781 2
580914 966484
985403 5
834352 684375 487235 124426 88508
650607 3
779308 500797 487514
984086 3
196289 889968 23283
969224 2
239323 199242
1000000 5
1 1 1 1 1
1 5
96747 865041 989301 661165 758239
800144 5
747493 229315 867206 76409 146748
857622 1
196792
877455 5
208661 733279 44949 522846 219001
914848 5
894850 662532 265551 579224 590281
107727 5
376755 31 78765 228924 123091
724911 1
322530
530222 5
101833 345844 243598 7811 104811
8 5
142 401 36 226 320
937959 3
602025 643374 112881
301786 5
798959 667187 459831 293112 59705
849607 2
44067 149708
323061 5
264788 367528 435833 604651 712658
42616 5
162171 234488 235543 311835 746249
1 5
1000000 1000000 1000000 1000000 1000000
4 5
3 4 3 3 1
7 5
297 499 552 72 39
6 5
24 121 96 77 106
